=== GENETIC ALGORITHM RESULTS ===
Run Index: 3
Timestamp: 2025-12-17 11:56:02
Representation: binary
Function: f16_2014
Population Size: 100
Generations: 200
Selection: tournament
Crossover: single_point
Mutation: random
Execution Time: 17.24s
========================================

=== FINAL RESULTS ===
Best Fitness: 1608.118498
Best Solution (decoded): [435.2869352869352, -42.173382173382166, -21.367521367521363, -1.8803418803418879, 330.7203907203907, 315.7753357753358, 224.29792429792428, 82.95482295482296, 194.06593406593407, 150.25641025641025, 18.632478632478637, 90.67155067155068, 221.75824175824175, 98.48595848595849, -78.998778998779, -32.11233211233211, 3.5897435897436054, 121.97802197802199, 270.3052503052503, 412.5763125763126]
Best Solution (binary): [2, 2, 6, 3, 4, 5, 1, 4, 5, 1, 1, 2, 0, 0, 0, 3, 2, 1, 2, 1, 1, 0, 3, 2, 0, 1, 0, 1, 1, 2, 1, 1, 2, 2, 1, 0, 0, 1, 0, 2, 2, 3, 0, 1, 0, 1, 1, 3, 3, 1, 2, 2, 0, 1, 1, 0, 1, 2, 1, 1, 2, 2, 3, 1, 2, 4, 1, 0, 3, 1, 1, 3, 1, 3, 2, 1, 0, 2, 3, 0, 1, 1, 1, 2, 0, 2, 2, 1, 2, 1, 2, 1, 2, 0, 0, 2, 1, 3, 1, 1, 0, 1, 0, 2, 2, 3, 3, 3, 1, 2, 1, 1, 1, 0, 3, 1, 1, 1, 4, 0, 1, 0, 0, 0, 2, 1, 1, 1, 1, 0, 2, 1, 0, 2, 2, 2, 1, 2, 1, 1, 1, 1, 1, 2, 2, 1, 2, 0, 1, 4, 1, 1, 1, 0, 1, 2, 1, 1, 0, 3, 1, 0, 2, 1, 1, 2, 0, 0, 0, 0, 0, 1, 0, 1, 2, 1, 3, 1, 1, 0, 0, 1, 0, 0, 2, 1, 0, 1, 2, 3, 0, 2, 0, 0, 4, 0, 0, 0, 1, 2, 1, 0, 0, 1, 1, 1, 2, 0, 2, 2, 1, 1, 1, 1, 1, 3, 2, 2, 2, 0, 1, 3, 2, 0, 2, 3, 0, 2, 2, 3, 5, 2, 1, 1, 0, 3, 1, 1, 1, 1]
Total Time: 17.24s
