=== GENETIC ALGORITHM RESULTS ===
Run Index: 9
Timestamp: 2025-12-17 12:09:42
Representation: binary
Function: michalewicz
Population Size: 100
Generations: 200
Selection: rws
Crossover: two_points
Mutation: swap
Execution Time: 2.30s
========================================

=== FINAL RESULTS ===
Best Fitness: -8.684765
Best Solution (decoded): [2.234021442552742, 1.588825002584728, 1.3118738553451883, 1.1845223582765911, 2.2255824879277144, 1.5543020063914337, 1.8650089721310836, 1.360973227708985, 1.275049326072341, 1.8573371951992403]
Best Solution (binary): [1, 0, 1, 1, 0, 1, 1, 0, 0, 0, 0, 0, 1, 0, 0, 0, 0, 0, 0, 1, 0, 1, 1, 1, 0, 1, 1, 0, 1, 0, 1, 0, 1, 1, 1, 0, 0, 1, 1, 0, 0, 0, 0, 0, 1, 0, 0, 0, 1, 0, 1, 1, 0, 1, 0, 1, 0, 1, 0, 1, 0, 1, 1, 1, 1, 1, 1, 0, 1, 0, 1, 0, 1, 0, 0, 1, 0, 1, 1, 1, 1, 1, 1, 1, 0, 1, 1, 0, 1, 1, 1, 0, 1, 1, 1, 0, 0, 1, 1, 0, 0, 1, 1, 1, 1, 1, 1, 0, 1, 0, 0, 1, 0, 1, 1, 1, 0, 1, 0, 1]
Total Time: 2.30s
