=== GENETIC ALGORITHM RESULTS ===
Run Index: 4
Timestamp: 2025-12-17 12:11:41
Representation: binary
Function: f16_2014
Population Size: 100
Generations: 200
Selection: rws
Crossover: two_points
Mutation: swap
Execution Time: 4.22s
========================================

=== FINAL RESULTS ===
Best Fitness: 1603.714258
Best Solution (decoded): [-89.2063492063492, 27.960927960927947, -50.57387057387057, -20.0, 21.172161172161168, -12.527472527472526, 27.960927960927947, -56.82539682539682, 23.76068376068376, 24.688644688644686]
Best Solution (binary): [0, 0, 0, 0, 1, 1, 0, 1, 1, 1, 0, 1, 1, 0, 1, 0, 0, 0, 1, 1, 1, 1, 0, 0, 0, 0, 1, 1, 1, 1, 1, 1, 0, 1, 0, 0, 0, 1, 1, 0, 0, 1, 1, 0, 0, 1, 1, 0, 1, 0, 0, 1, 1, 0, 1, 1, 0, 0, 0, 1, 0, 1, 1, 0, 1, 1, 1, 1, 1, 1, 1, 1, 1, 0, 1, 0, 0, 0, 1, 1, 1, 1, 0, 0, 0, 0, 1, 1, 0, 1, 1, 1, 0, 1, 0, 0, 1, 0, 0, 1, 1, 1, 1, 0, 0, 1, 1, 0, 1, 0, 0, 1, 1, 1, 1, 1, 1, 0, 0, 1]
Total Time: 4.22s
