=== GENETIC ALGORITHM RESULTS ===
Run Index: 7
Timestamp: 2025-12-17 11:53:02
Representation: binary
Function: f16_2014
Population Size: 100
Generations: 200
Selection: tournament
Crossover: single_point
Mutation: random
Execution Time: 26.49s
========================================

=== FINAL RESULTS ===
Best Fitness: 1613.584036
Best Solution (decoded): [222.7838827838828, -99.21855921855922, 64.88400488400487, 127.64346764346763, 62.97924297924297, 151.13553113553112, 83.15018315018315, 83.88278388278388, 161.19658119658118, 196.6056166056166, 65.95848595848597, 179.7069597069597, 57.264957264957275, -1.1965811965811923, 59.9023199023199, 115.62881562881563, 45.2014652014652, 11.062271062271066, -42.61294261294262, -1.4896214896214843, 156.84981684981688, 76.55677655677655, 100.14652014652015, 250.86691086691087, -91.8925518925519, 24.2002442002442, -58.144078144078144, 81.78266178266179, -28.547008547008545, 156.8986568986569]
Best Solution (binary): [2, 1, 2, 1, 0, 2, 2, 1, 0, 0, 0, 1, 0, 0, 0, 0, 0, 0, 0, 0, 1, 1, 2, 0, 1, 1, 0, 0, 2, 0, 0, 2, 1, 1, 1, 2, 1, 1, 2, 1, 1, 2, 0, 2, 2, 1, 0, 1, 1, 0, 1, 2, 1, 1, 2, 0, 1, 0, 0, 1, 1, 2, 1, 1, 1, 1, 2, 1, 0, 1, 1, 0, 1, 1, 1, 0, 0, 1, 2, 1, 2, 1, 0, 2, 1, 1, 1, 0, 0, 2, 1, 0, 0, 5, 0, 1, 2, 1, 0, 0, 1, 1, 1, 0, 0, 0, 1, 2, 2, 1, 0, 2, 1, 3, 1, 3, 3, 2, 3, 3, 0, 2, 2, 1, 0, 1, 0, 0, 0, 1, 1, 0, 1, 3, 0, 1, 1, 2, 1, 3, 1, 0, 3, 1, 1, 0, 2, 0, 1, 0, 0, 1, 0, 1, 0, 0, 0, 1, 1, 1, 1, 1, 0, 1, 2, 1, 1, 1, 1, 0, 1, 2, 1, 1, 0, 0, 1, 0, 0, 2, 1, 1, 2, 1, 0, 0, 1, 1, 1, 1, 1, 1, 1, 0, 1, 1, 1, 0, 0, 1, 1, 1, 0, 1, 0, 1, 2, 0, 1, 1, 1, 0, 0, 0, 0, 2, 0, 0, 1, 2, 1, 0, 0, 1, 0, 1, 1, 1, 0, 1, 1, 1, 1, 1, 0, 1, 2, 0, 0, 1, 2, 1, 0, 0, 0, 1, 2, 0, 0, 2, 1, 1, 1, 1, 0, 1, 1, 2, 0, 1, 1, 1, 1, 1, 1, 1, 1, 1, 1, 1, 1, 1, 2, 0, 1, 0, 2, 1, 3, 1, 1, 1, 2, 1, 0, 0, 0, 0, 0, 0, 0, 0, 0, 1, 2, 2, 0, 1, 1, 0, 1, 0, 0, 1, 1, 1, 0, 1, 2, 2, 3, 1, 0, 0, 1, 0, 1, 2, 1, 2, 2, 2, 0, 1, 1, 1, 0, 2, 1, 0, 0, 0, 1, 0, 1, 0, 0, 0, 2, 1, 0, 2, 1, 0, 2, 1, 1, 1, 1, 2, 1, 1, 2, 2, 0, 0, 0, 2, 2, 0]
Total Time: 26.49s
