=== GENETIC ALGORITHM RESULTS ===
Run Index: 5
Timestamp: 2025-12-17 12:09:31
Representation: binary
Function: michalewicz
Population Size: 100
Generations: 200
Selection: rws
Crossover: two_points
Mutation: swap
Execution Time: 2.34s
========================================

=== FINAL RESULTS ===
Best Fitness: -7.905661
Best Solution (decoded): [2.184154892495761, 1.559672250243724, 2.2186778886890557, 1.0425944850374917, 0.9750828480372716, 2.0368567754043716, 1.461473505516131, 2.0483644408021364, 2.2209794217686083, 1.5642753164028298]
Best Solution (binary): [1, 0, 1, 1, 0, 0, 0, 1, 1, 1, 1, 1, 0, 1, 1, 1, 1, 1, 1, 1, 0, 0, 0, 1, 1, 0, 1, 1, 0, 1, 0, 0, 1, 1, 0, 0, 0, 1, 0, 1, 0, 1, 0, 0, 1, 1, 1, 1, 0, 1, 0, 0, 1, 1, 1, 1, 0, 1, 1, 1, 1, 0, 1, 0, 0, 1, 0, 1, 1, 1, 1, 1, 0, 1, 1, 1, 0, 1, 1, 1, 0, 0, 0, 1, 1, 0, 1, 0, 0, 1, 1, 0, 1, 1, 1, 0, 1, 0, 1, 1, 0, 1, 0, 0, 1, 1, 1, 1, 0, 1, 1, 1, 1, 1, 1, 1, 0, 1, 1, 1]
Total Time: 2.34s
