=== GENETIC ALGORITHM RESULTS ===
Run Index: 1
Timestamp: 2025-12-17 12:11:26
Representation: binary
Function: f16_2014
Population Size: 100
Generations: 200
Selection: rws
Crossover: two_points
Mutation: swap
Execution Time: 4.34s
========================================

=== FINAL RESULTS ===
Best Fitness: 1603.294261
Best Solution (decoded): [-68.79120879120879, -52.08791208791209, -87.2039072039072, 3.1501831501831674, 16.043956043956058, -70.35409035409035, -57.94871794871795, -87.3992673992674, 3.1501831501831674, 39.487179487179475]
Best Solution (binary): [0, 0, 1, 0, 0, 1, 1, 1, 1, 1, 1, 1, 0, 0, 1, 1, 1, 1, 0, 1, 0, 1, 0, 1, 0, 0, 0, 1, 0, 0, 0, 0, 0, 1, 1, 0, 1, 0, 0, 0, 0, 1, 0, 0, 0, 0, 0, 0, 1, 0, 0, 1, 0, 1, 0, 0, 1, 0, 0, 0, 0, 0, 1, 0, 0, 1, 0, 1, 1, 1, 1, 1, 0, 0, 1, 1, 0, 1, 0, 1, 1, 1, 0, 1, 0, 0, 0, 1, 0, 0, 0, 0, 0, 0, 1, 0, 1, 0, 0, 0, 0, 1, 0, 0, 0, 0, 0, 0, 1, 0, 1, 1, 0, 0, 1, 0, 1, 0, 0, 0]
Total Time: 4.34s
