=== GENETIC ALGORITHM RESULTS ===
Run Index: 6
Timestamp: 2025-12-17 12:11:51
Representation: binary
Function: f16_2014
Population Size: 100
Generations: 200
Selection: rws
Crossover: two_points
Mutation: swap
Execution Time: 4.28s
========================================

=== FINAL RESULTS ===
Best Fitness: 1603.132633
Best Solution (decoded): [-15.262515262515265, -47.88766788766788, -17.655677655677664, -52.429792429792435, 23.369963369963372, -37.33821733821734, 51.74603174603175, -48.52258852258853, -1.1965811965811923, 22.490842490842496]
Best Solution (binary): [0, 1, 1, 0, 1, 1, 0, 0, 0, 1, 1, 1, 0, 1, 0, 0, 0, 0, 1, 0, 1, 0, 1, 1, 0, 1, 1, 0, 1, 0, 0, 1, 0, 1, 1, 0, 0, 0, 1, 1, 1, 1, 0, 0, 1, 1, 1, 0, 1, 0, 0, 1, 1, 1, 0, 1, 1, 1, 1, 0, 0, 1, 0, 1, 0, 0, 0, 0, 0, 0, 1, 1, 1, 1, 0, 0, 0, 0, 1, 0, 0, 0, 1, 1, 0, 1, 0, 0, 0, 0, 0, 1, 1, 1, 1, 0, 0, 1, 1, 1, 1, 1, 1, 0, 0, 1, 1, 1, 1, 0, 0, 1, 1, 1, 0, 0, 1, 1, 0, 0]
Total Time: 4.28s
