=== GENETIC ALGORITHM RESULTS ===
Run Index: 10
Timestamp: 2025-12-17 11:59:58
Representation: binary
Function: f16_2014
Population Size: 100
Generations: 200
Selection: tournament
Crossover: single_point
Mutation: random
Execution Time: 9.26s
========================================

=== FINAL RESULTS ===
Best Fitness: 1603.856389
Best Solution (decoded): [32.014652014652, 83.34554334554335, -31.623931623931625, 91.25763125763126, -56.14163614163614, -47.2039072039072, 57.997557997558005, -6.227106227106233, -25.079365079365076, -96.97191697191697]
Best Solution (binary): [1, 0, 0, 2, 1, 0, 0, 0, 1, 1, 1, 1, 1, 0, 2, 1, 2, 2, 1, 0, 1, 0, 0, 2, 0, 1, 0, 0, 2, 1, 1, 1, 1, 0, 0, 0, 1, 1, 1, 1, 0, 0, 1, 2, 1, 1, 0, 0, 0, 0, 1, 1, 0, 2, 0, 0, 0, 0, 1, 0, 0, 1, 0, 0, 0, 0, 1, 1, 1, 0, 0, 1, 1, 1, 0, 0, 1, 0, 0, 1, 1, 2, 1, 1, 0, 1, 1, 1, 1, 0, 0, 0, 0, 0, 0, 0, 0, 1, 0, 1, 1, 1, 1, 1, 1, 1, 0, 2, 0, 0, 0, 0, 0, 0, 1, 1, 1, 1, 1, 0]
Total Time: 9.26s
