=== GENETIC ALGORITHM RESULTS ===
Run Index: 7
Timestamp: 2025-12-17 12:11:55
Representation: binary
Function: f16_2014
Population Size: 100
Generations: 200
Selection: rws
Crossover: two_points
Mutation: swap
Execution Time: 4.27s
========================================

=== FINAL RESULTS ===
Best Fitness: 1603.829590
Best Solution (decoded): [14.871794871794862, 11.25763125763126, -48.32722832722832, 75.43345543345544, -91.35531135531136, -73.43101343101343, 22.881562881562886, 0.5616605616605597, 28.547008547008545, -91.35531135531136]
Best Solution (binary): [1, 0, 0, 1, 0, 0, 1, 1, 0, 0, 0, 0, 1, 0, 0, 0, 1, 1, 1, 0, 0, 1, 1, 0, 0, 1, 0, 0, 0, 0, 1, 0, 0, 0, 1, 0, 1, 1, 1, 0, 0, 0, 0, 0, 1, 0, 0, 0, 0, 0, 0, 0, 1, 0, 1, 1, 0, 0, 0, 1, 0, 0, 1, 0, 0, 0, 1, 0, 0, 0, 0, 0, 1, 0, 0, 1, 1, 1, 0, 1, 0, 1, 0, 0, 1, 0, 0, 0, 0, 0, 0, 0, 1, 0, 1, 1, 1, 0, 1, 0, 0, 1, 0, 0, 1, 0, 0, 0, 0, 0, 0, 0, 1, 0, 1, 1, 0, 0, 0, 1]
Total Time: 4.27s
