=== GENETIC ALGORITHM RESULTS ===
Run Index: 5
Timestamp: 2025-12-17 11:56:38
Representation: binary
Function: f16_2014
Population Size: 100
Generations: 200
Selection: tournament
Crossover: single_point
Mutation: random
Execution Time: 17.19s
========================================

=== FINAL RESULTS ===
Best Fitness: 1608.046667
Best Solution (decoded): [1153.7240537240536, 503.4676434676435, 267.76556776556777, 258.09523809523813, 312.60073260073267, 178.87667887667885, 0.512820512820511, -58.53479853479853, -2.612942612942618, 39.19413919413918, 125.83638583638583, 92.23443223443223, 422.4908424908425, 233.72405372405376, -74.55433455433456, -53.11355311355312, 567.008547008547, 400.7081807081807, 466.007326007326, 365.7875457875458]
Best Solution (binary): [8, 5, 4, 4, 4, 6, 2, 6, 3, 1, 2, 6, 5, 1, 0, 2, 3, 1, 2, 1, 6, 0, 1, 2, 2, 2, 1, 1, 2, 3, 3, 3, 1, 3, 3, 0, 2, 2, 1, 0, 2, 4, 2, 4, 4, 0, 1, 2, 2, 2, 4, 0, 0, 1, 4, 2, 2, 3, 2, 0, 1, 1, 3, 1, 3, 3, 6, 3, 2, 1, 3, 4, 0, 1, 1, 0, 3, 1, 1, 2, 0, 1, 2, 2, 0, 0, 0, 2, 1, 2, 1, 2, 0, 3, 2, 1, 0, 1, 1, 1, 0, 2, 1, 1, 2, 0, 4, 2, 1, 0, 1, 0, 1, 1, 2, 1, 1, 2, 0, 2, 1, 1, 1, 2, 2, 3, 1, 2, 1, 1, 1, 2, 0, 2, 2, 2, 0, 4, 1, 3, 0, 3, 1, 2, 2, 4, 3, 3, 1, 0, 1, 1, 2, 2, 0, 2, 2, 1, 2, 2, 0, 2, 1, 1, 0, 0, 0, 1, 0, 0, 0, 1, 1, 1, 1, 1, 2, 2, 0, 1, 0, 0, 1, 1, 1, 0, 1, 1, 1, 1, 1, 2, 4, 3, 3, 2, 1, 2, 0, 3, 3, 2, 4, 1, 3, 2, 2, 2, 3, 0, 2, 3, 2, 0, 4, 4, 3, 2, 3, 5, 2, 2, 5, 0, 3, 0, 4, 5, 3, 1, 3, 2, 1, 0, 4, 2, 2, 2, 4, 1]
Total Time: 17.19s
