=== GENETIC ALGORITHM RESULTS ===
Run Index: 6
Timestamp: 2025-12-17 11:56:56
Representation: binary
Function: f16_2014
Population Size: 100
Generations: 200
Selection: tournament
Crossover: single_point
Mutation: random
Execution Time: 17.23s
========================================

=== FINAL RESULTS ===
Best Fitness: 1608.529903
Best Solution (decoded): [533.6019536019536, -0.41514041514041367, -35.18925518925519, 251.013431013431, 280.7081807081807, 49.597069597069606, 291.2087912087912, 156.2148962148962, 244.46886446886447, 143.27228327228326, 1.4407814407814357, 43.052503052503056, -70.06105006105005, 47.838827838827854, 52.33211233211233, 41.4896214896215, 14.432234432234424, 268.05860805860806, 362.80830280830287, 226.44688644688642]
Best Solution (binary): [4, 2, 2, 5, 1, 3, 3, 0, 0, 1, 4, 1, 0, 1, 1, 1, 1, 1, 0, 2, 1, 2, 3, 1, 0, 1, 0, 1, 0, 0, 1, 0, 1, 1, 1, 1, 3, 0, 1, 1, 1, 2, 0, 0, 1, 1, 2, 3, 2, 2, 1, 3, 1, 2, 1, 2, 4, 3, 2, 3, 0, 2, 0, 2, 1, 3, 4, 2, 1, 2, 2, 3, 3, 1, 0, 2, 1, 2, 1, 1, 2, 2, 1, 0, 1, 0, 4, 2, 3, 2, 2, 2, 2, 1, 4, 2, 2, 2, 1, 0, 2, 1, 1, 1, 1, 1, 7, 3, 1, 2, 0, 2, 1, 3, 0, 3, 0, 0, 2, 1, 0, 1, 1, 1, 2, 0, 0, 1, 1, 1, 0, 1, 1, 0, 1, 1, 0, 1, 1, 1, 0, 0, 0, 1, 0, 0, 0, 2, 0, 1, 1, 0, 0, 1, 0, 1, 0, 1, 2, 3, 1, 1, 0, 0, 1, 1, 2, 3, 1, 0, 1, 1, 1, 1, 3, 0, 1, 1, 0, 3, 0, 2, 1, 1, 0, 0, 1, 2, 1, 2, 0, 1, 1, 0, 0, 0, 1, 1, 2, 1, 2, 1, 1, 1, 2, 1, 3, 3, 0, 0, 2, 1, 3, 1, 1, 2, 1, 4, 4, 3, 2, 3, 1, 1, 1, 2, 2, 0, 1, 2, 3, 2, 0, 4, 5, 5, 4, 2, 2, 0]
Total Time: 17.23s
