=== GENETIC ALGORITHM RESULTS ===
Run Index: 3
Timestamp: 2025-12-17 11:58:49
Representation: binary
Function: f16_2014
Population Size: 100
Generations: 200
Selection: tournament
Crossover: single_point
Mutation: random
Execution Time: 9.21s
========================================

=== FINAL RESULTS ===
Best Fitness: 1604.266375
Best Solution (decoded): [55.36019536019538, 26.78876678876678, 57.89987789987791, -77.24053724053724, 178.58363858363856, 98.33943833943835, 225.07936507936506, 12.38095238095238, 2.1733821733821657, -12.332112332112331]
Best Solution (binary): [1, 1, 0, 0, 0, 1, 1, 0, 1, 1, 0, 1, 1, 0, 0, 1, 1, 1, 2, 2, 0, 1, 0, 0, 1, 1, 0, 0, 1, 0, 1, 0, 0, 0, 0, 1, 0, 0, 0, 1, 1, 1, 0, 1, 0, 0, 1, 0, 2, 1, 1, 0, 0, 0, 2, 0, 1, 0, 0, 0, 1, 1, 1, 1, 1, 0, 2, 1, 1, 1, 0, 1, 3, 0, 0, 1, 1, 1, 1, 1, 1, 2, 0, 0, 1, 0, 0, 0, 1, 1, 1, 1, 1, 1, 0, 1, 1, 0, 0, 0, 0, 0, 1, 0, 1, 0, 2, 0, 0, 1, 1, 1, 0, 0, 0, 0, 0, 0, 1, 1]
Total Time: 9.21s
