=== GENETIC ALGORITHM RESULTS ===
Run Index: 1
Timestamp: 2025-12-17 12:09:19
Representation: binary
Function: michalewicz
Population Size: 100
Generations: 200
Selection: rws
Crossover: two_points
Mutation: swap
Execution Time: 2.29s
========================================

=== FINAL RESULTS ===
Best Fitness: -9.028306
Best Solution (decoded): [2.186456425575314, 1.561973783323277, 2.2355557979391105, 1.9125739891085112, 1.726916987357906, 1.5972639572097556, 1.4530345508911033, 1.7568369173920944, 1.9616733614723079, 1.2113735775380423]
Best Solution (binary): [1, 0, 1, 1, 0, 0, 1, 0, 0, 0, 1, 0, 0, 1, 1, 1, 1, 1, 1, 1, 0, 1, 0, 0, 1, 0, 1, 1, 0, 1, 1, 0, 0, 0, 1, 0, 1, 0, 0, 1, 1, 0, 1, 1, 1, 1, 0, 1, 1, 0, 0, 0, 1, 1, 0, 0, 1, 0, 1, 1, 1, 0, 0, 0, 0, 0, 1, 0, 0, 0, 1, 0, 0, 1, 1, 1, 0, 1, 1, 0, 0, 1, 1, 0, 1, 0, 0, 0, 1, 1, 1, 1, 0, 0, 1, 0, 1, 0, 0, 1, 1, 1, 1, 1, 1, 1, 0, 1, 0, 1, 1, 0, 0, 0, 1, 0, 1, 0, 1, 1]
Total Time: 2.29s
