=== GENETIC ALGORITHM RESULTS ===
Run Index: 8
Timestamp: 2025-12-17 11:57:32
Representation: binary
Function: f16_2014
Population Size: 100
Generations: 200
Selection: tournament
Crossover: single_point
Mutation: random
Execution Time: 17.19s
========================================

=== FINAL RESULTS ===
Best Fitness: 1608.771553
Best Solution (decoded): [874.6520146520146, 557.0940170940171, 277.77777777777777, -4.810744810744822, -78.94993894993895, 66.88644688644689, 154.45665445665443, 112.74725274725276, 333.5042735042735, 31.67277167277166, 394.94505494505495, 473.47985347985343, 424.24908424908426, -4.713064713064725, 206.22710622710622, 138.3882783882784, 316.89865689865695, 109.3772893772894, 233.62637362637366, 62.14896214896214]
Best Solution (binary): [7, 2, 4, 3, 3, 4, 1, 4, 1, 2, 1, 2, 4, 2, 2, 5, 3, 4, 5, 4, 4, 2, 2, 2, 1, 3, 3, 3, 2, 0, 0, 2, 1, 2, 1, 5, 0, 1, 1, 1, 0, 1, 2, 1, 0, 2, 1, 3, 0, 0, 0, 1, 0, 2, 0, 2, 0, 3, 1, 1, 1, 1, 0, 0, 1, 2, 1, 2, 2, 0, 3, 3, 2, 0, 1, 1, 1, 2, 1, 3, 0, 1, 2, 2, 0, 3, 2, 0, 1, 1, 0, 3, 2, 0, 2, 0, 2, 2, 3, 3, 1, 3, 1, 3, 2, 1, 3, 2, 0, 1, 2, 1, 2, 0, 2, 2, 2, 5, 1, 2, 4, 1, 1, 1, 0, 1, 1, 1, 3, 2, 3, 0, 3, 3, 3, 2, 1, 2, 5, 2, 1, 3, 2, 6, 3, 3, 1, 1, 4, 1, 4, 1, 2, 1, 4, 2, 0, 0, 2, 1, 2, 4, 3, 0, 5, 4, 3, 1, 1, 2, 3, 1, 2, 1, 0, 3, 0, 1, 4, 2, 1, 2, 0, 1, 2, 2, 2, 2, 4, 3, 2, 1, 3, 1, 0, 3, 3, 2, 1, 2, 2, 0, 2, 4, 1, 1, 1, 1, 2, 1, 2, 2, 3, 0, 3, 1, 1, 3, 1, 3, 2, 0, 3, 3, 1, 2, 7, 1, 1, 1, 0, 0, 0, 2, 1, 3, 3, 2, 3, 2]
Total Time: 17.19s
