=== GENETIC ALGORITHM RESULTS ===
Run Index: 6
Timestamp: 2025-12-17 11:59:19
Representation: binary
Function: f16_2014
Population Size: 100
Generations: 200
Selection: tournament
Crossover: single_point
Mutation: random
Execution Time: 9.26s
========================================

=== FINAL RESULTS ===
Best Fitness: 1604.026652
Best Solution (decoded): [103.95604395604394, -53.504273504273506, 116.94749694749694, -65.76312576312577, -58.19291819291819, 299.7069597069597, 204.17582417582418, 25.567765567765562, 6.080586080586087, 81.2942612942613]
Best Solution (binary): [2, 0, 0, 0, 0, 1, 0, 1, 0, 0, 0, 0, 0, 0, 1, 1, 1, 0, 1, 1, 1, 0, 0, 0, 0, 3, 1, 1, 3, 2, 2, 1, 1, 0, 0, 2, 0, 0, 0, 2, 1, 0, 1, 1, 1, 0, 2, 1, 0, 0, 0, 2, 2, 0, 1, 3, 1, 0, 0, 0, 2, 3, 1, 1, 1, 1, 1, 1, 1, 0, 0, 0, 2, 2, 0, 0, 0, 1, 0, 0, 2, 1, 0, 0, 0, 1, 1, 3, 1, 1, 1, 1, 2, 2, 1, 1, 0, 1, 1, 1, 2, 1, 1, 0, 2, 3, 0, 0, 1, 1, 0, 1, 2, 1, 1, 1, 1, 1, 2, 0]
Total Time: 9.26s
