=== GENETIC ALGORITHM RESULTS ===
Run Index: 10
Timestamp: 2025-12-17 11:58:09
Representation: binary
Function: f16_2014
Population Size: 100
Generations: 200
Selection: tournament
Crossover: single_point
Mutation: random
Execution Time: 17.85s
========================================

=== FINAL RESULTS ===
Best Fitness: 1608.504654
Best Solution (decoded): [-57.02075702075702, 144.8840048840049, 146.54456654456655, 316.1660561660562, 112.8937728937729, 3.2478632478632647, -18.632478632478637, 100.1953601953602, 96.92307692307693, -56.53235653235653, 38.80341880341879, 59.072039072039075, -59.70695970695971, 97.80219780219781, 150.4029304029304, -92.86935286935287, -23.418803418803407, -37.48473748473749, -58.33943833943834, -27.912087912087912]
Best Solution (binary): [0, 0, 1, 0, 2, 0, 2, 2, 1, 1, 1, 2, 1, 2, 1, 1, 0, 1, 2, 0, 2, 1, 1, 0, 1, 1, 3, 0, 2, 2, 1, 1, 0, 1, 2, 0, 2, 3, 1, 3, 0, 1, 0, 0, 0, 1, 2, 1, 2, 0, 0, 0, 1, 1, 1, 2, 0, 1, 1, 1, 1, 0, 0, 0, 0, 1, 0, 0, 0, 0, 1, 0, 0, 1, 0, 2, 0, 1, 1, 1, 1, 2, 1, 0, 1, 1, 1, 1, 1, 1, 1, 1, 1, 2, 1, 1, 1, 1, 1, 1, 1, 0, 1, 1, 1, 2, 0, 0, 0, 0, 1, 1, 0, 1, 1, 1, 1, 0, 1, 0, 1, 0, 1, 0, 1, 1, 1, 2, 2, 1, 2, 2, 1, 1, 0, 0, 1, 0, 1, 1, 0, 1, 1, 3, 0, 0, 1, 1, 0, 0, 1, 0, 2, 1, 2, 1, 1, 1, 1, 1, 1, 0, 1, 2, 1, 2, 1, 0, 2, 0, 1, 1, 1, 0, 3, 2, 0, 1, 1, 1, 0, 0, 0, 0, 1, 0, 0, 1, 0, 0, 0, 2, 0, 0, 2, 2, 0, 0, 1, 0, 0, 0, 0, 0, 0, 1, 0, 0, 1, 1, 1, 1, 1, 2, 0, 0, 0, 0, 1, 0, 1, 2, 2, 1, 0, 1, 0, 1, 0, 0, 2, 1, 1, 0, 1, 0, 2, 4, 2, 0]
Total Time: 17.85s
