=== GENETIC ALGORITHM RESULTS ===
Run Index: 4
Timestamp: 2025-12-17 11:51:42
Representation: binary
Function: f16_2014
Population Size: 100
Generations: 200
Selection: tournament
Crossover: single_point
Mutation: random
Execution Time: 25.53s
========================================

=== FINAL RESULTS ===
Best Fitness: 1613.817250
Best Solution (decoded): [-24.444444444444443, 35.38461538461539, -51.94139194139194, 102.88156288156287, -32.45421245421245, 58.43711843711844, -98.43711843711844, 34.993894993895, 27.8144078144078, 15.213675213675202, -70.84249084249083, 100.24420024420024, 75.77533577533578, 24.346764346764346, -53.01587301587302, 16.434676434676447, -51.94139194139194, -7.643467643467645, -32.747252747252745, 58.339438339438345, 76.99633699633699, -61.56288156288156, 85.68986568986568, 245.39682539682542, 24.444444444444443, -29.08424908424908, 77.33821733821733, -1.9291819291819365, 78.21733821733824, -42.90598290598291]
Best Solution (binary): [0, 1, 1, 0, 0, 0, 0, 0, 1, 0, 1, 1, 1, 0, 1, 0, 1, 1, 0, 0, 1, 2, 1, 2, 0, 0, 1, 1, 1, 1, 0, 1, 1, 0, 0, 0, 1, 1, 1, 2, 0, 0, 1, 1, 1, 0, 1, 0, 0, 1, 0, 1, 0, 1, 1, 0, 0, 1, 1, 1, 1, 1, 0, 0, 1, 0, 1, 0, 1, 1, 0, 0, 0, 0, 0, 0, 0, 0, 0, 1, 1, 1, 2, 0, 1, 0, 0, 1, 1, 3, 3, 2, 1, 1, 0, 0, 1, 0, 1, 0, 0, 0, 1, 1, 1, 0, 0, 1, 1, 0, 0, 0, 2, 0, 1, 1, 0, 1, 1, 1, 0, 0, 1, 0, 0, 1, 0, 1, 0, 1, 0, 1, 1, 1, 1, 1, 1, 1, 1, 1, 2, 1, 0, 0, 1, 1, 1, 0, 0, 0, 0, 0, 1, 1, 1, 1, 0, 1, 2, 1, 1, 1, 1, 1, 0, 0, 1, 0, 0, 0, 1, 1, 1, 1, 0, 0, 0, 0, 1, 0, 1, 0, 0, 1, 0, 1, 0, 1, 0, 0, 0, 0, 0, 0, 1, 1, 0, 2, 1, 3, 1, 0, 0, 0, 0, 1, 0, 2, 1, 2, 2, 2, 0, 0, 1, 1, 0, 1, 0, 1, 0, 1, 1, 0, 0, 0, 0, 1, 1, 1, 0, 0, 1, 0, 0, 1, 2, 2, 0, 2, 1, 1, 0, 1, 1, 2, 1, 0, 0, 1, 2, 0, 0, 0, 1, 1, 0, 0, 0, 0, 1, 2, 1, 1, 1, 0, 2, 1, 2, 2, 2, 1, 0, 1, 2, 2, 2, 2, 1, 1, 1, 0, 1, 0, 0, 0, 0, 0, 0, 1, 2, 1, 1, 1, 1, 0, 2, 1, 0, 0, 0, 1, 0, 1, 1, 0, 1, 0, 1, 0, 1, 2, 1, 1, 0, 1, 1, 2, 1, 0, 1, 1, 1, 1, 0, 1, 1, 1, 0, 2, 2, 1, 1, 0, 0, 0, 1, 0, 2, 1, 2, 0, 1, 2, 0, 0, 0, 1, 0, 0, 1, 1, 1, 2, 2, 3, 1, 4, 3, 3]
Total Time: 25.53s
