=== GENETIC ALGORITHM RESULTS ===
Run Index: 8
Timestamp: 2025-12-17 11:59:38
Representation: binary
Function: f16_2014
Population Size: 100
Generations: 200
Selection: tournament
Crossover: single_point
Mutation: random
Execution Time: 9.22s
========================================

=== FINAL RESULTS ===
Best Fitness: 1604.074468
Best Solution (decoded): [108.00976800976804, 142.63736263736263, 52.42979242979243, 118.11965811965811, -76.6056166056166, -18.388278388278394, 118.46153846153845, 17.557997557997567, 153.08913308913307, -46.37362637362637]
Best Solution (binary): [1, 1, 1, 1, 1, 2, 2, 4, 4, 0, 1, 1, 2, 0, 1, 0, 1, 2, 2, 1, 1, 3, 2, 0, 1, 0, 1, 2, 0, 0, 1, 0, 1, 2, 0, 1, 0, 3, 1, 2, 1, 3, 1, 1, 0, 0, 1, 0, 0, 0, 0, 1, 1, 0, 2, 1, 1, 1, 1, 1, 0, 1, 1, 0, 0, 1, 2, 0, 0, 1, 1, 1, 1, 1, 2, 1, 0, 1, 1, 1, 1, 0, 0, 1, 1, 0, 0, 1, 0, 1, 0, 1, 1, 3, 1, 1, 2, 0, 0, 3, 1, 2, 1, 1, 1, 0, 3, 0, 0, 0, 1, 1, 2, 1, 0, 0, 0, 2, 1, 0]
Total Time: 9.22s
