=== GENETIC ALGORITHM RESULTS ===
Run Index: 8
Timestamp: 2025-12-17 12:12:00
Representation: binary
Function: f16_2014
Population Size: 100
Generations: 200
Selection: rws
Crossover: two_points
Mutation: swap
Execution Time: 4.31s
========================================

=== FINAL RESULTS ===
Best Fitness: 1603.188136
Best Solution (decoded): [-75.77533577533578, 24.053724053724054, -56.53235653235653, -57.85103785103785, -30.35409035409036, -26.495726495726487, 14.774114774114764, -50.085470085470085, 16.971916971916983, 69.67032967032966]
Best Solution (binary): [0, 0, 0, 1, 1, 1, 1, 1, 0, 0, 0, 0, 1, 0, 0, 1, 1, 1, 1, 0, 1, 1, 0, 0, 0, 0, 1, 1, 0, 1, 1, 1, 1, 0, 1, 0, 0, 0, 1, 1, 0, 1, 0, 1, 1, 1, 1, 1, 0, 1, 0, 1, 1, 0, 0, 1, 0, 0, 1, 0, 0, 1, 0, 1, 1, 1, 1, 0, 0, 0, 0, 1, 1, 0, 0, 1, 0, 0, 1, 0, 1, 1, 1, 0, 0, 0, 1, 1, 1, 1, 1, 1, 1, 1, 1, 0, 1, 0, 0, 1, 0, 1, 0, 1, 1, 0, 1, 1, 1, 1, 0, 1, 1, 0, 0, 1, 0, 0, 1, 0]
Total Time: 4.31s
