=== GENETIC ALGORITHM RESULTS ===
Run Index: 10
Timestamp: 2025-12-17 12:09:45
Representation: binary
Function: michalewicz
Population Size: 100
Generations: 200
Selection: rws
Crossover: two_points
Mutation: swap
Execution Time: 2.34s
========================================

=== FINAL RESULTS ===
Best Fitness: -8.932332
Best Solution (decoded): [2.1350555201319645, 1.5704127379483044, 1.2911600576292117, 1.120079432049108, 1.7138749665737723, 2.02765064308616, 0.8339221524913566, 1.3632747607885378, 1.9547687622336491, 2.107437123177329]
Best Solution (binary): [1, 0, 1, 0, 1, 1, 0, 1, 1, 1, 1, 1, 0, 1, 1, 1, 1, 1, 1, 1, 1, 1, 1, 1, 0, 1, 1, 0, 1, 0, 0, 1, 0, 0, 1, 1, 0, 1, 0, 1, 1, 0, 1, 1, 0, 1, 0, 0, 1, 0, 0, 0, 1, 0, 1, 1, 1, 0, 1, 0, 1, 0, 1, 0, 0, 1, 0, 1, 0, 0, 1, 1, 0, 1, 0, 0, 0, 0, 1, 1, 1, 1, 1, 1, 0, 1, 1, 0, 1, 1, 1, 1, 0, 0, 0, 1, 1, 0, 0, 1, 1, 1, 1, 1, 0, 1, 0, 0, 1, 0, 1, 0, 1, 0, 1, 1, 1, 0, 1, 1]
Total Time: 2.34s
