=== GENETIC ALGORITHM RESULTS ===
Run Index: 7
Timestamp: 2025-12-17 11:59:29
Representation: binary
Function: f16_2014
Population Size: 100
Generations: 200
Selection: tournament
Crossover: single_point
Mutation: random
Execution Time: 9.16s
========================================

=== FINAL RESULTS ===
Best Fitness: 1603.762617
Best Solution (decoded): [230.7448107448107, 182.44200244200243, 65.56776556776555, 436.65445665445657, 13.699633699633694, -31.184371184371187, -65.66544566544567, 125.54334554334554, 84.17582417582418, 16.141636141636155]
Best Solution (binary): [2, 1, 2, 1, 2, 0, 2, 2, 1, 1, 3, 2, 2, 1, 0, 1, 2, 1, 2, 0, 1, 2, 3, 1, 1, 1, 0, 1, 0, 0, 0, 2, 1, 3, 4, 2, 4, 2, 0, 1, 2, 2, 1, 3, 2, 2, 1, 2, 1, 0, 0, 0, 0, 2, 3, 3, 0, 1, 1, 2, 0, 0, 2, 1, 0, 1, 1, 1, 1, 1, 2, 1, 0, 0, 0, 2, 0, 1, 2, 3, 1, 1, 1, 1, 1, 1, 2, 1, 0, 2, 3, 1, 2, 2, 0, 2, 0, 2, 2, 2, 0, 2, 1, 0, 2, 2, 1, 1, 0, 1, 0, 4, 2, 0, 0, 2, 1, 6, 4, 2]
Total Time: 9.16s
