=== GENETIC ALGORITHM RESULTS ===
Run Index: 2
Timestamp: 2025-12-17 12:09:22
Representation: binary
Function: michalewicz
Population Size: 100
Generations: 200
Selection: rws
Crossover: two_points
Mutation: swap
Execution Time: 2.21s
========================================

=== FINAL RESULTS ===
Best Fitness: -8.917702
Best Solution (decoded): [2.261639839507377, 1.5527676510050652, 1.2819539253109997, 1.1085717666513435, 1.713107788880588, 0.911407099502973, 1.454568906277472, 2.06677670543856, 1.2804195699246312, 2.10590276779096]
Best Solution (binary): [1, 0, 1, 1, 1, 0, 0, 0, 0, 1, 0, 0, 0, 1, 1, 1, 1, 1, 1, 0, 1, 0, 0, 0, 0, 1, 1, 0, 1, 0, 0, 0, 0, 1, 1, 1, 0, 1, 0, 1, 1, 0, 1, 0, 0, 1, 0, 1, 1, 0, 0, 0, 1, 0, 1, 1, 1, 0, 0, 1, 0, 1, 0, 0, 1, 0, 1, 0, 0, 1, 0, 0, 0, 1, 1, 1, 0, 1, 1, 0, 1, 0, 0, 0, 1, 0, 1, 0, 1, 0, 0, 0, 0, 1, 1, 0, 0, 1, 1, 0, 1, 0, 0, 0, 0, 1, 0, 1, 1, 0, 1, 0, 1, 0, 1, 1, 1, 0, 0, 1]
Total Time: 2.21s
