=== GENETIC ALGORITHM RESULTS ===
Run Index: 2
Timestamp: 2025-12-17 11:55:44
Representation: binary
Function: f16_2014
Population Size: 100
Generations: 200
Selection: tournament
Crossover: single_point
Mutation: random
Execution Time: 17.26s
========================================

=== FINAL RESULTS ===
Best Fitness: 1608.825101
Best Solution (decoded): [367.00854700854705, 714.017094017094, 470.1587301587301, -12.918192918192915, -51.843711843711844, -5.836385836385844, 92.82051282051282, 537.2161172161171, 255.89743589743586, 273.1868131868132, 174.92063492063494, 224.88400488400487, 214.57875457875457, 373.5042735042735, 98.92551892551893, 54.87179487179489, 51.89255189255189, -43.34554334554335, -56.043956043956044, -22.442002442002433]
Best Solution (binary): [2, 2, 3, 3, 5, 4, 3, 4, 4, 2, 8, 2, 4, 4, 4, 4, 6, 3, 6, 5, 5, 5, 5, 5, 3, 2, 4, 3, 2, 4, 3, 1, 3, 3, 2, 2, 0, 1, 0, 1, 2, 2, 1, 2, 3, 5, 4, 3, 0, 0, 1, 1, 1, 1, 0, 1, 0, 2, 1, 0, 0, 1, 1, 1, 0, 1, 2, 0, 0, 0, 3, 2, 1, 0, 0, 5, 2, 3, 2, 4, 3, 3, 3, 2, 3, 4, 2, 3, 5, 3, 2, 5, 1, 6, 3, 1, 1, 2, 3, 3, 4, 4, 2, 2, 1, 3, 1, 1, 2, 1, 2, 3, 2, 5, 4, 0, 2, 1, 1, 3, 1, 2, 2, 1, 0, 1, 4, 3, 0, 3, 0, 1, 2, 1, 1, 1, 3, 4, 2, 1, 4, 0, 3, 6, 1, 2, 3, 1, 1, 5, 1, 2, 3, 1, 4, 5, 2, 3, 2, 1, 7, 2, 5, 3, 1, 1, 1, 1, 1, 1, 1, 1, 1, 1, 1, 0, 0, 2, 0, 1, 1, 0, 1, 1, 1, 2, 2, 1, 2, 0, 1, 1, 0, 1, 3, 1, 1, 2, 0, 1, 2, 1, 1, 0, 0, 1, 0, 0, 1, 0, 0, 0, 1, 0, 0, 0, 0, 0, 1, 1, 1, 0, 0, 0, 0, 0, 2, 0, 0, 0, 2, 1, 2, 0, 1, 1, 0, 1, 0, 0]
Total Time: 17.26s
