=== GENETIC ALGORITHM RESULTS ===
Run Index: 6
Timestamp: 2025-12-17 12:09:34
Representation: binary
Function: michalewicz
Population Size: 100
Generations: 200
Selection: rws
Crossover: two_points
Mutation: swap
Execution Time: 2.34s
========================================

=== FINAL RESULTS ===
Best Fitness: -9.274191
Best Solution (decoded): [2.2953956580074872, 1.5688783825619357, 1.2842554583905528, 1.9302190760517508, 1.7008329457896387, 1.561973783323277, 1.4645422162888682, 1.360973227708985, 1.66017252805087, 1.5773173371869633]
Best Solution (binary): [1, 0, 1, 1, 1, 0, 1, 1, 0, 0, 0, 0, 0, 1, 1, 1, 1, 1, 1, 1, 1, 1, 0, 1, 0, 1, 1, 0, 1, 0, 0, 0, 1, 0, 1, 0, 1, 0, 0, 1, 1, 1, 0, 1, 0, 1, 0, 0, 1, 0, 0, 0, 1, 0, 1, 0, 1, 0, 0, 1, 0, 1, 1, 1, 1, 1, 1, 1, 0, 1, 0, 0, 0, 1, 1, 1, 0, 1, 1, 1, 0, 1, 0, 1, 0, 1, 1, 0, 1, 1, 1, 0, 1, 1, 1, 0, 1, 0, 0, 0, 0, 1, 1, 1, 0, 1, 0, 0, 1, 0, 0, 0, 0, 0, 0, 0, 1, 0, 0, 0]
Total Time: 2.34s
