=== GENETIC ALGORITHM RESULTS ===
Run Index: 6
Timestamp: 2025-12-17 11:52:35
Representation: binary
Function: f16_2014
Population Size: 100
Generations: 200
Selection: tournament
Crossover: single_point
Mutation: random
Execution Time: 25.59s
========================================

=== FINAL RESULTS ===
Best Fitness: 1613.666659
Best Solution (decoded): [51.15995115995116, 62.735042735042725, 86.37362637362637, 81.63614163614164, -39.53601953601954, -95.55555555555556, 139.9023199023199, -30.940170940170944, -16.23931623931624, 91.4041514041514, -19.023199023199027, 133.45543345543348, 46.32478632478632, 71.91697191697193, -43.00366300366301, -13.45543345543345, 44.37118437118437, 124.07814407814408, 92.67399267399267, -93.94383394383394, -69.37728937728937, -65.17704517704519, -80.41514041514041, -4.517704517704516, -31.575091575091577, 20.68376068376068, 10.818070818070822, -76.11721611721612, 13.064713064713061, -34.65201465201466]
Best Solution (binary): [1, 0, 2, 0, 0, 0, 0, 1, 0, 1, 1, 1, 1, 0, 2, 1, 0, 0, 0, 0, 0, 1, 0, 0, 1, 1, 1, 0, 1, 1, 1, 0, 0, 1, 1, 2, 1, 0, 2, 1, 2, 1, 1, 1, 2, 1, 1, 1, 0, 1, 0, 0, 1, 1, 0, 1, 0, 1, 1, 0, 0, 0, 0, 0, 0, 0, 2, 1, 1, 0, 1, 1, 2, 0, 1, 0, 1, 1, 3, 0, 1, 2, 0, 0, 0, 1, 0, 1, 0, 1, 1, 1, 2, 1, 1, 0, 0, 1, 1, 0, 1, 0, 1, 1, 0, 0, 1, 1, 1, 1, 1, 1, 0, 1, 0, 0, 1, 1, 1, 1, 0, 1, 1, 0, 0, 1, 1, 1, 1, 0, 1, 0, 1, 2, 1, 0, 1, 0, 1, 0, 1, 1, 0, 0, 1, 0, 1, 1, 1, 0, 1, 1, 0, 0, 2, 0, 1, 0, 2, 1, 1, 0, 1, 1, 1, 1, 1, 2, 0, 1, 0, 0, 1, 0, 0, 0, 1, 1, 1, 1, 0, 1, 1, 0, 1, 1, 0, 1, 3, 0, 2, 0, 1, 0, 1, 0, 2, 1, 1, 2, 1, 0, 2, 0, 2, 0, 0, 1, 1, 1, 0, 2, 1, 1, 0, 0, 1, 1, 1, 1, 0, 1, 0, 2, 1, 0, 0, 1, 0, 0, 0, 0, 0, 1, 1, 1, 1, 1, 0, 0, 0, 0, 1, 0, 0, 1, 1, 0, 1, 2, 1, 1, 0, 0, 1, 0, 1, 0, 2, 0, 1, 0, 0, 1, 0, 0, 0, 1, 0, 1, 2, 1, 0, 0, 0, 1, 0, 1, 1, 1, 1, 0, 1, 0, 0, 0, 1, 1, 0, 1, 0, 1, 0, 1, 1, 1, 1, 0, 0, 1, 1, 0, 0, 1, 1, 0, 1, 0, 0, 1, 1, 1, 1, 0, 0, 0, 1, 1, 0, 1, 1, 0, 2, 1, 0, 0, 0, 1, 1, 1, 1, 0, 1, 0, 0, 1, 1, 0, 0, 0, 1, 2, 0, 0, 1, 0, 1, 1, 0, 1, 0, 1, 0, 0, 1, 0, 3, 0, 0, 2]
Total Time: 25.59s
