=== GENETIC ALGORITHM RESULTS ===
Run Index: 5
Timestamp: 2025-12-17 12:11:46
Representation: binary
Function: f16_2014
Population Size: 100
Generations: 200
Selection: rws
Crossover: two_points
Mutation: swap
Execution Time: 4.26s
========================================

=== FINAL RESULTS ===
Best Fitness: 1603.436953
Best Solution (decoded): [25.27472527472527, -36.800976800976805, 79.53601953601955, -92.33211233211233, 13.015873015873012, 88.18070818070817, 84.95726495726495, -38.46153846153846, -28.156288156288156, 13.699633699633694]
Best Solution (binary): [1, 0, 1, 0, 0, 0, 0, 0, 0, 1, 0, 1, 0, 1, 0, 1, 0, 0, 0, 0, 1, 1, 1, 0, 1, 1, 1, 0, 0, 1, 0, 1, 1, 1, 0, 0, 0, 0, 0, 0, 1, 0, 0, 1, 1, 1, 0, 1, 1, 0, 0, 1, 0, 0, 0, 0, 1, 0, 1, 0, 1, 1, 1, 1, 0, 0, 0, 0, 1, 1, 0, 1, 1, 1, 1, 0, 1, 1, 0, 0, 1, 0, 1, 1, 0, 1, 0, 0, 1, 1, 1, 0, 1, 1, 0, 0, 0, 1, 0, 1, 1, 0, 1, 1, 1, 1, 1, 1, 1, 0, 0, 1, 0, 0, 0, 1, 1, 0, 0, 0]
Total Time: 4.26s
