=== GENETIC ALGORITHM RESULTS ===
Run Index: 8
Timestamp: 2025-12-17 12:09:39
Representation: binary
Function: michalewicz
Population Size: 100
Generations: 200
Selection: rws
Crossover: two_points
Mutation: swap
Execution Time: 2.20s
========================================

=== FINAL RESULTS ===
Best Fitness: -9.049037
Best Solution (decoded): [2.2033343348253687, 1.5796188702665162, 1.2742821483791567, 1.923314476813092, 1.7154093219601407, 0.9052696779574984, 1.447664307038813, 1.3602060500158006, 2.2179107109958713, 2.108204300870513]
Best Solution (binary): [1, 0, 1, 1, 0, 0, 1, 1, 1, 0, 0, 0, 1, 0, 0, 0, 0, 0, 0, 0, 1, 0, 1, 1, 0, 1, 1, 0, 0, 1, 1, 1, 1, 1, 0, 1, 1, 0, 0, 1, 1, 1, 0, 0, 1, 0, 1, 1, 1, 0, 0, 0, 1, 0, 1, 1, 1, 1, 0, 0, 0, 1, 0, 0, 1, 0, 0, 1, 1, 1, 0, 0, 0, 1, 1, 1, 0, 1, 0, 1, 1, 1, 1, 1, 0, 1, 1, 0, 1, 1, 1, 0, 1, 1, 0, 1, 1, 0, 1, 1, 0, 1, 0, 0, 1, 0, 1, 1, 1, 0, 1, 0, 1, 0, 1, 1, 1, 1, 0, 0]
Total Time: 2.20s
