=== GENETIC ALGORITHM RESULTS ===
Run Index: 3
Timestamp: 2025-12-17 12:09:25
Representation: binary
Function: michalewicz
Population Size: 100
Generations: 200
Selection: rws
Crossover: two_points
Mutation: swap
Execution Time: 2.39s
========================================

=== FINAL RESULTS ===
Best Fitness: -8.795333
Best Solution (decoded): [2.3575370511554175, 1.5757829818005946, 2.2133076448367652, 1.9463298076086215, 1.7215467435056158, 1.571947093334673, 1.452267373197919, 2.07214694929085, 1.9586046506995707, 1.5642753164028298]
Best Solution (binary): [1, 1, 0, 0, 0, 0, 0, 0, 0, 0, 0, 1, 1, 0, 0, 0, 0, 0, 0, 0, 0, 1, 1, 0, 1, 0, 1, 1, 0, 1, 0, 0, 0, 1, 0, 1, 1, 0, 0, 1, 1, 1, 1, 0, 1, 0, 0, 1, 1, 0, 0, 0, 1, 1, 0, 0, 0, 1, 0, 0, 1, 0, 0, 0, 0, 0, 0, 0, 0, 0, 0, 1, 0, 1, 1, 1, 0, 1, 1, 0, 0, 1, 0, 1, 1, 0, 1, 0, 1, 0, 0, 0, 1, 1, 0, 1, 1, 0, 0, 1, 1, 1, 1, 1, 1, 0, 0, 1, 0, 1, 1, 1, 1, 1, 1, 1, 0, 1, 1, 1]
Total Time: 2.39s
