=== GENETIC ALGORITHM RESULTS ===
Run Index: 2
Timestamp: 2025-12-17 12:13:58
Representation: binary
Function: f16_2014
Population Size: 100
Generations: 200
Selection: rws
Crossover: two_points
Mutation: swap
Execution Time: 7.63s
========================================

=== FINAL RESULTS ===
Best Fitness: 1607.734513
Best Solution (decoded): [89.89010989010987, -16.825396825396822, 21.172161172161168, -12.625152625152623, -71.42857142857143, 25.95848595848595, -36.849816849816854, 77.77777777777777, 9.3040293040293, 17.264957264957275, 89.15750915750914, -16.043956043956044, -87.44810744810745, -29.377289377289372, -66.73992673992674, 31.33089133089132, -11.843711843711844, 52.77167277167277, -90.72039072039072, 23.614163614163616]
Best Solution (binary): [1, 1, 1, 1, 0, 0, 1, 1, 0, 0, 0, 0, 0, 1, 1, 0, 1, 0, 1, 0, 0, 1, 1, 1, 1, 0, 0, 1, 1, 0, 1, 1, 0, 0, 0, 1, 0, 1, 1, 0, 1, 1, 1, 1, 1, 1, 0, 1, 0, 0, 1, 0, 0, 1, 0, 0, 1, 0, 0, 1, 1, 0, 1, 0, 0, 0, 0, 1, 0, 0, 1, 1, 0, 1, 0, 1, 0, 0, 0, 0, 1, 1, 0, 1, 1, 1, 1, 0, 0, 0, 1, 1, 1, 0, 0, 0, 1, 0, 0, 0, 1, 0, 1, 1, 1, 1, 1, 0, 1, 0, 0, 1, 0, 1, 1, 0, 0, 0, 0, 1, 1, 1, 1, 1, 0, 0, 1, 0, 0, 0, 0, 1, 0, 1, 1, 0, 1, 0, 1, 1, 0, 1, 1, 1, 0, 0, 0, 1, 0, 0, 0, 0, 0, 0, 0, 1, 0, 1, 0, 1, 1, 0, 1, 0, 0, 1, 1, 0, 0, 0, 1, 0, 1, 0, 1, 0, 1, 0, 0, 1, 1, 0, 1, 0, 1, 0, 0, 0, 0, 0, 0, 1, 0, 1, 1, 1, 0, 0, 0, 0, 1, 1, 0, 1, 1, 1, 0, 0, 0, 0, 1, 1, 1, 0, 0, 0, 0, 0, 0, 0, 1, 0, 1, 1, 1, 1, 1, 0, 1, 0, 0, 1, 1, 1, 1, 0, 0, 0, 1, 1]
Total Time: 7.63s
