=== GENETIC ALGORITHM RESULTS ===
Run Index: 8
Timestamp: 2025-12-17 11:53:29
Representation: binary
Function: f16_2014
Population Size: 100
Generations: 200
Selection: tournament
Crossover: single_point
Mutation: random
Execution Time: 25.71s
========================================

=== FINAL RESULTS ===
Best Fitness: 1613.398454
Best Solution (decoded): [506.8376068376068, 57.70451770451771, 43.24786324786325, 149.08424908424908, -31.379731379731382, -27.863247863247864, 72.74725274725276, -57.65567765567766, 95.06715506715506, -82.46642246642247, -11.599511599511601, 59.21855921855922, -32.55189255189255, 126.66666666666666, 167.2039072039072, 185.03052503052504, -81.88034188034189, 130.28083028083026, 75.82417582417582, 88.8156288156288, 231.57509157509162, 43.98046398046398, 65.5189255189255, 32.991452991452974, 82.51526251526252, -57.362637362637365, 153.4310134310134, 17.41147741147742, 157.04517704517707, 32.1123321123321]
Best Solution (binary): [3, 4, 3, 0, 4, 0, 3, 1, 2, 2, 0, 1, 1, 0, 1, 2, 0, 1, 1, 3, 1, 1, 0, 1, 0, 2, 1, 0, 1, 2, 3, 1, 0, 1, 0, 1, 1, 2, 0, 3, 1, 1, 1, 0, 1, 1, 0, 0, 0, 1, 0, 0, 2, 1, 1, 1, 1, 1, 0, 1, 0, 1, 0, 1, 0, 2, 1, 1, 1, 2, 1, 3, 1, 0, 1, 3, 1, 1, 0, 0, 1, 1, 2, 1, 0, 0, 1, 1, 0, 1, 0, 1, 1, 2, 1, 1, 1, 1, 1, 1, 0, 1, 2, 1, 0, 2, 1, 0, 0, 0, 0, 0, 1, 3, 0, 1, 2, 1, 1, 1, 0, 1, 1, 0, 1, 1, 2, 1, 0, 0, 1, 0, 1, 0, 2, 0, 1, 0, 1, 1, 1, 0, 1, 2, 0, 1, 0, 0, 2, 0, 2, 1, 2, 1, 0, 1, 1, 2, 0, 1, 1, 1, 2, 1, 1, 2, 0, 1, 1, 2, 2, 1, 0, 1, 0, 1, 1, 1, 1, 1, 0, 5, 1, 0, 1, 1, 0, 0, 1, 1, 0, 0, 0, 0, 0, 1, 0, 1, 1, 1, 0, 0, 1, 1, 1, 2, 0, 2, 0, 0, 2, 2, 1, 0, 1, 1, 0, 3, 0, 1, 2, 0, 0, 0, 1, 1, 2, 0, 1, 1, 1, 0, 1, 1, 1, 2, 3, 0, 1, 0, 2, 1, 2, 1, 2, 1, 2, 0, 0, 1, 0, 1, 1, 0, 1, 1, 0, 1, 1, 1, 1, 2, 2, 0, 1, 1, 0, 0, 1, 2, 1, 1, 1, 1, 0, 1, 0, 2, 1, 0, 1, 0, 0, 1, 2, 0, 1, 1, 1, 1, 0, 2, 1, 0, 0, 1, 1, 0, 0, 1, 0, 0, 1, 1, 0, 1, 1, 0, 0, 1, 2, 1, 1, 2, 0, 3, 1, 2, 2, 0, 0, 1, 0, 1, 0, 1, 2, 1, 0, 1, 0, 2, 0, 1, 0, 0, 2, 0, 1, 2, 0, 2, 0, 0, 1, 1, 1, 1, 0, 2, 0, 1, 1, 3, 1, 3, 0, 0, 0, 1]
Total Time: 25.71s
