=== GENETIC ALGORITHM RESULTS ===
Run Index: 9
Timestamp: 2025-12-17 11:57:50
Representation: binary
Function: f16_2014
Population Size: 100
Generations: 200
Selection: tournament
Crossover: single_point
Mutation: random
Execution Time: 17.13s
========================================

=== FINAL RESULTS ===
Best Fitness: 1608.245622
Best Solution (decoded): [306.69108669108664, 21.367521367521363, -39.43833943833944, -7.594627594627596, 77.09401709401709, 101.66056166056165, 147.57020757020757, -28.3028083028083, 24.346764346764346, 26.886446886446876, 1.245421245421241, 154.26129426129424, 71.18437118437117, -92.33211233211233, -82.75946275946276, 171.15995115995116, -52.96703296703297, 62.83272283272282, 210.47619047619048, 157.68009768009767]
Best Solution (binary): [2, 1, 4, 2, 4, 0, 3, 1, 2, 1, 1, 1, 0, 1, 2, 1, 0, 1, 2, 2, 2, 1, 0, 1, 0, 1, 0, 0, 1, 1, 0, 1, 1, 0, 0, 0, 0, 0, 2, 2, 2, 1, 0, 2, 0, 1, 0, 0, 1, 1, 1, 0, 0, 0, 1, 0, 1, 0, 0, 2, 1, 1, 1, 1, 1, 1, 2, 1, 2, 0, 0, 1, 1, 2, 1, 1, 1, 1, 0, 0, 0, 2, 2, 1, 0, 0, 1, 3, 1, 0, 1, 1, 1, 0, 1, 2, 1, 0, 0, 1, 1, 1, 0, 2, 2, 0, 0, 2, 1, 0, 0, 1, 1, 1, 2, 2, 0, 1, 1, 0, 0, 1, 1, 1, 2, 0, 0, 1, 0, 2, 0, 1, 1, 2, 1, 1, 1, 2, 2, 0, 1, 2, 2, 2, 1, 1, 0, 1, 1, 0, 0, 2, 1, 2, 0, 1, 0, 0, 0, 0, 0, 2, 0, 1, 0, 2, 2, 1, 0, 0, 0, 1, 0, 1, 0, 1, 2, 0, 0, 1, 2, 1, 0, 0, 2, 2, 1, 1, 0, 0, 0, 0, 0, 0, 1, 1, 0, 2, 1, 2, 0, 0, 1, 1, 1, 1, 0, 0, 1, 1, 1, 1, 2, 1, 0, 2, 3, 0, 0, 0, 1, 1, 0, 0, 2, 1, 0, 1, 1, 2, 1, 0, 4, 1, 2, 0, 1, 2, 4, 4]
Total Time: 17.13s
