=== GENETIC ALGORITHM RESULTS ===
Run Index: 3
Timestamp: 2025-12-17 11:51:15
Representation: binary
Function: f16_2014
Population Size: 100
Generations: 200
Selection: tournament
Crossover: single_point
Mutation: random
Execution Time: 25.39s
========================================

=== FINAL RESULTS ===
Best Fitness: 1613.893798
Best Solution (decoded): [-20.634920634920633, 173.94383394383397, 148.4004884004884, -56.776556776556774, 206.22710622710622, 50.86691086691087, 67.03296703296704, 86.17826617826617, 40.3174603174603, 57.31379731379732, 335.79975579975576, 138.6813186813187, 235.970695970696, 66.6910866910867, 196.84981684981688, 119.73137973137975, 131.30647130647134, 231.57509157509162, 127.74114774114773, 156.11721611721612, 110.989010989011, 227.2283272283272, 108.93772893772896, 336.5323565323565, 296.1904761904762, 52.38095238095238, -43.58974358974359, 98.0952380952381, 203.9316239316239, 187.86324786324786]
Best Solution (binary): [0, 0, 1, 2, 4, 0, 2, 1, 1, 0, 0, 1, 1, 0, 4, 3, 4, 1, 4, 1, 2, 2, 0, 1, 2, 0, 0, 2, 2, 2, 2, 0, 3, 1, 0, 2, 0, 0, 1, 0, 2, 1, 1, 0, 2, 0, 2, 1, 1, 3, 0, 3, 2, 1, 1, 1, 1, 1, 1, 0, 0, 2, 1, 1, 0, 4, 0, 0, 1, 2, 0, 1, 0, 1, 3, 3, 0, 1, 0, 0, 2, 2, 0, 4, 1, 0, 2, 0, 4, 2, 1, 3, 0, 3, 2, 4, 1, 0, 1, 0, 1, 2, 1, 1, 0, 1, 2, 1, 0, 1, 3, 1, 2, 1, 0, 2, 2, 7, 4, 1, 2, 2, 4, 1, 2, 1, 2, 3, 4, 2, 1, 1, 1, 0, 4, 1, 1, 5, 1, 1, 3, 3, 1, 1, 2, 1, 2, 2, 0, 2, 2, 0, 2, 2, 2, 3, 0, 1, 3, 1, 2, 3, 3, 1, 2, 4, 2, 1, 1, 3, 1, 1, 1, 0, 0, 2, 3, 1, 0, 2, 0, 2, 3, 2, 1, 3, 1, 2, 1, 2, 0, 3, 1, 2, 0, 0, 4, 1, 1, 1, 0, 1, 4, 4, 2, 2, 0, 1, 2, 1, 1, 1, 1, 2, 2, 1, 1, 1, 1, 3, 0, 4, 0, 1, 4, 1, 1, 1, 1, 2, 1, 1, 1, 3, 1, 0, 2, 2, 1, 2, 1, 1, 1, 1, 2, 2, 2, 1, 1, 1, 1, 2, 2, 1, 1, 2, 3, 1, 2, 1, 2, 3, 0, 0, 1, 1, 1, 1, 2, 2, 1, 1, 0, 1, 0, 2, 3, 1, 2, 1, 2, 3, 0, 1, 2, 1, 2, 2, 1, 4, 2, 2, 1, 3, 2, 1, 2, 3, 2, 0, 0, 1, 3, 1, 2, 0, 0, 1, 3, 1, 1, 2, 0, 1, 0, 0, 0, 1, 1, 1, 2, 0, 1, 1, 1, 1, 1, 0, 3, 1, 0, 1, 1, 0, 0, 0, 2, 1, 1, 2, 0, 0, 1, 2, 1, 1, 1, 1, 1, 2, 2, 1, 1, 3, 3, 4, 3, 2, 2, 2]
Total Time: 25.39s
