=== GENETIC ALGORITHM RESULTS ===
Run Index: 2
Timestamp: 2025-12-17 11:50:49
Representation: binary
Function: f16_2014
Population Size: 100
Generations: 200
Selection: tournament
Crossover: single_point
Mutation: random
Execution Time: 25.80s
========================================

=== FINAL RESULTS ===
Best Fitness: 1613.733472
Best Solution (decoded): [12.918192918192915, 176.1904761904762, 59.21855921855922, 122.51526251526252, -49.5970695970696, 19.902319902319903, 38.21733821733821, 124.02930402930403, 17.41147741147742, 103.76068376068375, -42.22222222222223, -27.57020757020757, -91.6971916971917, 255.99511599511595, 206.03174603174602, 247.98534798534797, 268.93772893772893, 209.01098901098902, 80.41514041514043, 189.13308913308913, 158.85225885225884, 155.6288156288156, 77.24053724053724, 224.98168498168496, 87.15506715506714, 198.26617826617826, 16.190476190476204, 45.44566544566544, 56.82539682539684, 162.51526251526252]
Best Solution (binary): [0, 1, 1, 1, 2, 2, 1, 5, 2, 1, 2, 0, 1, 2, 2, 1, 1, 0, 3, 2, 1, 2, 2, 3, 1, 1, 0, 0, 1, 0, 1, 1, 0, 3, 0, 0, 1, 0, 3, 2, 3, 1, 0, 0, 1, 0, 2, 0, 0, 0, 1, 1, 1, 1, 1, 2, 1, 0, 0, 0, 0, 2, 0, 1, 1, 0, 0, 1, 0, 1, 1, 1, 1, 0, 0, 2, 1, 1, 1, 2, 1, 1, 1, 0, 1, 2, 0, 1, 1, 1, 1, 0, 1, 0, 1, 1, 0, 2, 0, 1, 0, 1, 1, 0, 0, 1, 0, 0, 1, 1, 1, 2, 0, 1, 0, 0, 1, 1, 0, 0, 0, 1, 0, 0, 1, 0, 0, 1, 1, 1, 1, 1, 0, 1, 0, 1, 1, 1, 0, 0, 1, 0, 1, 1, 0, 0, 0, 0, 1, 0, 1, 0, 1, 0, 1, 0, 2, 2, 0, 2, 2, 3, 4, 3, 0, 1, 2, 1, 2, 1, 1, 1, 2, 1, 1, 1, 0, 1, 3, 0, 2, 1, 2, 2, 1, 3, 3, 1, 3, 3, 0, 1, 2, 2, 1, 3, 0, 1, 2, 0, 0, 0, 0, 2, 2, 1, 1, 2, 1, 0, 1, 1, 0, 1, 1, 1, 1, 1, 0, 1, 2, 1, 1, 0, 1, 1, 1, 0, 1, 2, 2, 1, 2, 2, 3, 3, 0, 3, 2, 0, 1, 2, 2, 0, 0, 2, 1, 0, 1, 3, 0, 0, 2, 0, 1, 1, 2, 1, 0, 1, 2, 3, 3, 0, 1, 0, 2, 1, 1, 2, 1, 0, 1, 1, 0, 1, 2, 1, 2, 1, 1, 1, 1, 0, 3, 1, 1, 0, 1, 1, 1, 0, 1, 1, 0, 2, 1, 2, 3, 2, 1, 2, 2, 3, 1, 0, 1, 2, 2, 2, 1, 1, 1, 0, 0, 0, 1, 2, 1, 1, 2, 2, 1, 1, 1, 0, 1, 0, 1, 3, 2, 1, 2, 0, 0, 2, 1, 0, 1, 2, 0, 2, 0, 0, 1, 0, 1, 1, 1, 2, 2, 0, 1, 1, 1, 0, 2, 2, 2, 3]
Total Time: 25.80s
