=== GENETIC ALGORITHM RESULTS ===
Run Index: 4
Timestamp: 2025-12-17 12:09:28
Representation: binary
Function: michalewicz
Population Size: 100
Generations: 200
Selection: rws
Crossover: two_points
Mutation: swap
Execution Time: 2.48s
========================================

=== FINAL RESULTS ===
Best Fitness: -8.338175
Best Solution (decoded): [2.2048686902117374, 1.5489317625391434, 1.2880913468564743, 1.9202457660403547, 0.7802197139684541, 2.0084712007565515, 1.4507330178115505, 1.3617404054021691, 1.6501992180394738, 1.5673440271755672]
Best Solution (binary): [1, 0, 1, 1, 0, 0, 1, 1, 1, 0, 1, 0, 0, 1, 1, 1, 1, 1, 1, 0, 0, 0, 1, 1, 0, 1, 1, 0, 1, 0, 0, 0, 1, 1, 1, 1, 1, 0, 0, 1, 1, 1, 0, 0, 0, 1, 1, 1, 0, 0, 1, 1, 1, 1, 1, 1, 1, 0, 0, 1, 1, 0, 1, 0, 0, 0, 1, 1, 1, 0, 1, 0, 0, 1, 1, 1, 0, 1, 1, 0, 0, 0, 1, 1, 0, 1, 1, 0, 1, 1, 1, 0, 1, 1, 1, 1, 1, 0, 0, 0, 0, 1, 1, 0, 0, 1, 1, 1, 0, 1, 1, 1, 1, 1, 1, 1, 1, 0, 1, 1]
Total Time: 2.48s
