=== GENETIC ALGORITHM RESULTS ===
Run Index: 10
Timestamp: 2025-12-17 11:54:22
Representation: binary
Function: f16_2014
Population Size: 100
Generations: 200
Selection: tournament
Crossover: single_point
Mutation: random
Execution Time: 25.31s
========================================

=== FINAL RESULTS ===
Best Fitness: 1613.693805
Best Solution (decoded): [55.94627594627596, 53.16239316239319, 200.46398046398048, 86.86202686202685, 61.8070818070818, -92.96703296703296, -69.71916971916971, 29.03540903540903, 21.221001221001217, -51.64835164835165, -36.94749694749695, 112.35653235653237, -34.993894993895, 74.06593406593407, -52.96703296703297, 114.55433455433456, 263.1257631257631, 116.41025641025641, 123.05250305250306, 114.74969474969475, 267.1794871794872, 240.6105006105006, 458.1929181929181, 265.6166056166056, 79.24297924297926, 2.710622710622701, 85.006105006105, 32.1123321123321, 91.7948717948718, 227.86324786324786]
Best Solution (binary): [1, 0, 1, 1, 2, 1, 1, 1, 1, 0, 0, 1, 1, 0, 1, 1, 1, 2, 1, 1, 1, 1, 2, 0, 2, 1, 1, 1, 1, 1, 1, 2, 1, 0, 0, 0, 1, 1, 1, 0, 1, 1, 1, 1, 0, 0, 0, 2, 1, 1, 0, 0, 0, 3, 1, 0, 0, 3, 2, 1, 0, 0, 0, 0, 0, 1, 2, 0, 1, 1, 2, 0, 0, 0, 0, 1, 2, 1, 1, 0, 1, 1, 0, 0, 0, 2, 1, 0, 0, 1, 0, 0, 1, 2, 1, 0, 1, 0, 0, 1, 1, 0, 1, 0, 1, 2, 1, 0, 0, 0, 1, 1, 1, 1, 0, 1, 0, 3, 1, 0, 0, 1, 0, 0, 1, 2, 0, 0, 1, 0, 1, 1, 2, 0, 0, 0, 1, 1, 1, 1, 1, 0, 1, 2, 0, 1, 0, 1, 0, 0, 1, 1, 0, 0, 1, 1, 1, 1, 0, 1, 1, 1, 1, 0, 1, 0, 1, 2, 0, 0, 1, 1, 0, 2, 1, 2, 0, 0, 1, 1, 2, 0, 0, 0, 1, 1, 2, 1, 2, 1, 2, 1, 3, 1, 0, 0, 1, 1, 2, 0, 1, 0, 1, 1, 1, 1, 2, 1, 0, 1, 0, 0, 1, 1, 1, 1, 1, 1, 1, 1, 3, 3, 3, 2, 1, 2, 3, 1, 1, 1, 1, 1, 3, 2, 1, 0, 0, 2, 2, 1, 2, 2, 2, 1, 0, 0, 1, 3, 1, 1, 1, 0, 1, 2, 4, 2, 1, 1, 3, 0, 1, 5, 0, 2, 3, 3, 2, 3, 1, 1, 6, 1, 1, 1, 3, 3, 2, 2, 1, 2, 1, 1, 2, 1, 4, 2, 2, 2, 1, 1, 0, 0, 3, 2, 1, 3, 0, 1, 1, 0, 0, 1, 1, 1, 1, 1, 2, 2, 2, 0, 2, 3, 1, 1, 1, 0, 0, 2, 1, 1, 2, 2, 1, 2, 0, 1, 2, 2, 0, 1, 1, 1, 3, 1, 1, 3, 1, 1, 1, 1, 0, 1, 0, 0, 1, 2, 2, 3, 2, 1, 1, 3, 1, 1, 2, 2, 2, 1, 1, 3]
Total Time: 25.31s
