=== GENETIC ALGORITHM RESULTS ===
Run Index: 1
Timestamp: 2025-12-17 11:55:25
Representation: binary
Function: f16_2014
Population Size: 100
Generations: 200
Selection: tournament
Crossover: single_point
Mutation: random
Execution Time: 17.12s
========================================

=== FINAL RESULTS ===
Best Fitness: 1607.910397
Best Solution (decoded): [460.92796092796084, 165.64102564102564, 34.50549450549451, -13.357753357753353, 40.610500610500594, 79.14529914529916, 167.3015873015873, 7.985347985347985, 188.40048840048837, 24.639804639804638, 102.68620268620268, 57.16727716727718, 389.4261294261295, 201.97802197802196, 272.6984126984127, -74.7985347985348, 237.28937728937728, 47.59462759462761, 23.174603174603178, 111.42857142857144]
Best Solution (binary): [3, 3, 2, 3, 1, 4, 2, 1, 1, 0, 2, 1, 1, 1, 3, 1, 2, 3, 3, 1, 1, 1, 1, 1, 0, 1, 1, 3, 2, 2, 1, 1, 2, 0, 0, 2, 0, 1, 1, 0, 1, 1, 0, 1, 2, 3, 0, 2, 1, 0, 1, 0, 1, 2, 1, 0, 2, 1, 4, 3, 1, 0, 2, 1, 1, 2, 1, 2, 1, 2, 1, 2, 1, 2, 2, 0, 1, 2, 2, 1, 1, 1, 1, 3, 0, 1, 1, 1, 2, 2, 0, 1, 1, 1, 2, 3, 1, 3, 1, 1, 0, 0, 0, 0, 0, 3, 1, 3, 1, 0, 0, 1, 1, 1, 0, 2, 2, 1, 1, 2, 1, 1, 1, 1, 2, 0, 1, 0, 2, 0, 3, 0, 1, 1, 0, 0, 1, 0, 0, 1, 0, 0, 1, 0, 3, 2, 2, 1, 3, 1, 2, 2, 0, 0, 2, 1, 1, 2, 2, 3, 1, 2, 1, 0, 0, 1, 1, 1, 1, 4, 1, 3, 1, 0, 1, 2, 1, 1, 1, 1, 0, 0, 0, 1, 1, 1, 1, 2, 0, 0, 1, 2, 2, 2, 1, 0, 0, 3, 1, 1, 0, 0, 4, 2, 1, 0, 1, 0, 2, 2, 1, 2, 1, 1, 1, 0, 0, 2, 0, 1, 0, 1, 2, 4, 2, 1, 3, 0, 1, 1, 1, 2, 0, 2, 2, 1, 2, 1, 2, 1]
Total Time: 17.12s
