=== GENETIC ALGORITHM RESULTS ===
Run Index: 9
Timestamp: 2025-12-17 12:12:05
Representation: binary
Function: f16_2014
Population Size: 100
Generations: 200
Selection: rws
Crossover: two_points
Mutation: swap
Execution Time: 4.37s
========================================

=== FINAL RESULTS ===
Best Fitness: 1603.268626
Best Solution (decoded): [-65.27472527472528, -49.93894993894994, -3.785103785103786, 53.45543345543348, -70.98901098901098, -90.52503052503053, -46.81318681318681, -67.08180708180709, 53.50427350427353, 77.87545787545787]
Best Solution (binary): [0, 0, 1, 0, 1, 1, 0, 0, 0, 1, 1, 1, 0, 1, 0, 0, 0, 0, 0, 0, 0, 0, 0, 1, 0, 1, 1, 1, 1, 0, 1, 1, 0, 0, 1, 0, 1, 1, 0, 0, 0, 1, 0, 0, 0, 1, 1, 0, 0, 0, 1, 0, 0, 1, 0, 1, 0, 0, 1, 0, 0, 0, 0, 0, 1, 1, 0, 0, 0, 0, 1, 0, 0, 1, 0, 0, 0, 1, 0, 0, 0, 0, 0, 1, 0, 0, 1, 0, 1, 0, 1, 0, 0, 0, 1, 0, 1, 1, 0, 0, 0, 1, 0, 0, 0, 1, 1, 1, 1, 1, 1, 0, 0, 0, 1, 1, 1, 0, 1, 0]
Total Time: 4.37s
