=== GENETIC ALGORITHM RESULTS ===
Run Index: 1
Timestamp: 2025-12-17 11:58:29
Representation: binary
Function: f16_2014
Population Size: 100
Generations: 200
Selection: tournament
Crossover: single_point
Mutation: random
Execution Time: 9.17s
========================================

=== FINAL RESULTS ===
Best Fitness: 1603.627484
Best Solution (decoded): [46.17826617826617, -16.727716727716725, -9.890109890109883, 53.69963369963372, -86.91086691086691, 74.65201465201466, 96.23931623931622, -88.52258852258852, -18.48595848595849, -95.7997557997558]
Best Solution (binary): [1, 0, 1, 1, 1, 0, 1, 0, 1, 2, 0, 1, 0, 1, 1, 0, 1, 0, 1, 0, 1, 0, 0, 1, 0, 1, 1, 1, 0, 0, 1, 1, 0, 1, 0, 1, 1, 1, 0, 0, 0, 1, 0, 0, 1, 0, 1, 1, 0, 0, 0, 1, 0, 0, 0, 0, 1, 0, 2, 0, 1, 1, 0, 1, 1, 1, 1, 1, 1, 0, 0, 0, 1, 1, 1, 0, 3, 0, 1, 1, 0, 0, 1, 0, 0, 0, 0, 0, 1, 1, 1, 0, 1, 0, 1, 1, 0, 0, 2, 2, 1, 0, 0, 0, 0, 0, 2, 1, 0, 0, 0, 0, 0, 1, 0, 1, 0, 1, 0, 2]
Total Time: 9.17s
