=== GENETIC ALGORITHM RESULTS ===
Run Index: 1
Timestamp: 2025-12-17 11:50:21
Representation: binary
Function: f16_2014
Population Size: 100
Generations: 200
Selection: tournament
Crossover: single_point
Mutation: random
Execution Time: 25.64s
========================================

=== FINAL RESULTS ===
Best Fitness: 1614.003780
Best Solution (decoded): [120.90354090354091, 6.520146520146525, 198.94993894993894, 257.60683760683764, 73.72405372405373, 151.33089133089132, 23.565323565323567, 329.05982905982904, 147.03296703296704, -43.833943833943835, 244.37118437118437, 147.22832722832723, 189.7191697191697, 264.98168498168496, -15.409035409035411, 314.31013431013434, 99.75579975579976, 319.2429792429793, 101.36752136752136, 380.0976800976801, 168.034188034188, 255.99511599511595, 182.6862026862027, 77.53357753357753, 179.9023199023199, 40.170940170940156, 56.77655677655679, 112.45421245421247, 90.86691086691087, 233.5775335775336]
Best Solution (binary): [1, 0, 3, 2, 3, 0, 0, 0, 4, 1, 3, 1, 0, 1, 1, 2, 1, 0, 0, 0, 0, 1, 0, 1, 2, 1, 1, 1, 1, 0, 2, 1, 2, 2, 0, 1, 1, 3, 1, 5, 1, 3, 1, 3, 1, 0, 0, 2, 1, 1, 0, 1, 1, 0, 1, 3, 2, 1, 0, 1, 2, 0, 1, 1, 1, 1, 2, 1, 0, 2, 1, 0, 0, 1, 0, 4, 2, 2, 2, 1, 1, 1, 2, 2, 3, 2, 0, 1, 1, 2, 1, 2, 1, 1, 2, 1, 1, 2, 1, 1, 0, 1, 3, 1, 2, 0, 0, 2, 0, 0, 1, 1, 2, 1, 1, 1, 1, 1, 1, 0, 2, 1, 3, 0, 2, 1, 1, 2, 1, 0, 1, 1, 1, 0, 4, 3, 1, 0, 1, 2, 0, 0, 1, 4, 2, 0, 2, 1, 2, 3, 2, 1, 3, 1, 0, 0, 1, 4, 1, 1, 3, 1, 2, 2, 1, 1, 1, 3, 0, 1, 0, 2, 1, 0, 1, 1, 1, 2, 2, 0, 3, 1, 1, 2, 1, 1, 2, 1, 1, 2, 1, 1, 1, 0, 2, 3, 1, 1, 1, 0, 2, 1, 2, 2, 2, 3, 1, 1, 3, 2, 4, 0, 0, 1, 0, 4, 1, 1, 1, 1, 0, 3, 2, 1, 0, 2, 1, 1, 2, 3, 2, 5, 1, 1, 3, 3, 1, 2, 2, 2, 1, 2, 2, 0, 1, 2, 2, 1, 2, 3, 2, 0, 1, 4, 1, 1, 0, 2, 5, 3, 4, 1, 2, 1, 1, 3, 1, 0, 1, 0, 0, 1, 1, 1, 0, 0, 1, 1, 1, 0, 0, 0, 1, 0, 1, 2, 0, 3, 2, 1, 1, 0, 0, 0, 2, 2, 0, 0, 1, 1, 1, 0, 1, 0, 1, 2, 0, 3, 0, 1, 1, 0, 1, 1, 0, 0, 0, 1, 2, 0, 1, 0, 0, 2, 2, 0, 0, 0, 1, 1, 1, 1, 1, 1, 0, 2, 1, 1, 0, 1, 3, 1, 1, 4, 3, 0, 5, 2, 1, 3, 2, 0, 3, 3, 1, 3, 2, 2, 2, 2]
Total Time: 25.64s
