=== GENETIC ALGORITHM RESULTS ===
Run Index: 5
Timestamp: 2025-12-17 11:52:08
Representation: binary
Function: f16_2014
Population Size: 100
Generations: 200
Selection: tournament
Crossover: single_point
Mutation: random
Execution Time: 25.46s
========================================

=== FINAL RESULTS ===
Best Fitness: 1614.104238
Best Solution (decoded): [98.92551892551893, 3.5897435897436054, 54.96947496947499, -12.185592185592185, -21.367521367521363, -53.553113553113555, -90.42735042735043, 99.8046398046398, 55.50671550671552, 63.27228327228326, 10.231990231990238, 0.12210012210012167, 30.50061050061049, 114.11477411477412, 9.3040293040293, 189.23076923076923, 72.06349206349208, 44.42002442002442, 31.526251526251514, -5.543345543345552, 5.934065934065941, 79.34065934065936, 97.11843711843713, -41.39194139194139, 1.3431013431013383, 71.62393162393161, 98.04639804639805, 124.95726495726495, 74.11477411477412, 10.91575091575092]
Best Solution (binary): [1, 1, 1, 1, 1, 1, 1, 0, 1, 0, 0, 1, 0, 1, 2, 0, 0, 0, 1, 2, 1, 0, 0, 1, 1, 0, 1, 2, 0, 1, 1, 0, 0, 1, 0, 1, 0, 1, 1, 0, 1, 1, 1, 1, 1, 2, 2, 2, 0, 1, 1, 0, 0, 1, 0, 0, 0, 2, 0, 2, 0, 0, 1, 1, 1, 0, 1, 1, 0, 1, 1, 1, 0, 0, 0, 0, 1, 0, 2, 0, 0, 1, 0, 0, 1, 1, 1, 1, 1, 1, 1, 1, 1, 0, 1, 1, 1, 0, 1, 2, 0, 1, 1, 1, 0, 0, 0, 0, 1, 1, 0, 0, 2, 0, 0, 0, 1, 1, 1, 1, 0, 1, 1, 1, 3, 1, 0, 1, 0, 0, 0, 1, 0, 1, 1, 1, 2, 0, 0, 0, 0, 0, 1, 0, 1, 0, 0, 2, 0, 0, 3, 0, 1, 2, 0, 0, 1, 1, 1, 2, 1, 2, 0, 1, 1, 1, 1, 2, 1, 0, 0, 0, 1, 0, 1, 1, 1, 1, 1, 0, 2, 1, 1, 1, 0, 0, 1, 0, 0, 0, 1, 0, 1, 1, 0, 1, 1, 0, 2, 0, 0, 0, 1, 1, 1, 0, 1, 1, 0, 2, 0, 0, 1, 1, 0, 1, 0, 2, 1, 0, 1, 0, 0, 0, 0, 1, 0, 1, 0, 1, 1, 1, 1, 0, 0, 0, 1, 1, 1, 0, 1, 0, 0, 0, 0, 1, 1, 1, 1, 0, 0, 1, 0, 3, 1, 0, 0, 1, 0, 1, 1, 0, 0, 0, 1, 1, 1, 1, 1, 0, 2, 0, 0, 1, 0, 0, 0, 1, 0, 0, 1, 0, 1, 1, 0, 0, 0, 0, 0, 1, 1, 1, 1, 1, 2, 1, 1, 0, 1, 1, 1, 1, 0, 1, 1, 0, 1, 1, 1, 0, 1, 0, 1, 1, 1, 1, 1, 1, 0, 1, 0, 1, 1, 1, 2, 0, 0, 1, 1, 0, 3, 0, 3, 1, 1, 0, 0, 3, 0, 1, 1, 1, 1, 0, 1, 0, 2, 1, 1, 0, 0, 0, 1, 0, 1, 2, 3, 0, 2, 3]
Total Time: 25.46s
