=== GENETIC ALGORITHM RESULTS ===
Run Index: 4
Timestamp: 2025-12-17 11:56:20
Representation: binary
Function: f16_2014
Population Size: 100
Generations: 200
Selection: tournament
Crossover: single_point
Mutation: random
Execution Time: 17.10s
========================================

=== FINAL RESULTS ===
Best Fitness: 1608.399409
Best Solution (decoded): [301.56288156288156, 779.2185592185593, 52.527472527472526, -2.026862026862034, -43.54090354090354, 158.55921855921855, 377.1184371184371, 272.6007326007326, 520.1221001221002, 249.3040293040293, 132.7716727716728, 61.12332112332112, -71.96581196581197, 116.8009768009768, 224.83516483516485, 386.39804639804635, 308.98656898656895, 206.12942612942612, 348.15628815628816, 156.11721611721612]
Best Solution (binary): [2, 2, 1, 2, 4, 4, 7, 1, 2, 5, 4, 2, 5, 5, 1, 5, 3, 4, 3, 5, 3, 1, 2, 2, 1, 0, 1, 1, 1, 2, 0, 1, 2, 4, 1, 1, 0, 1, 1, 1, 1, 1, 0, 1, 0, 0, 2, 2, 0, 1, 0, 0, 0, 1, 0, 2, 3, 2, 2, 0, 1, 2, 1, 1, 1, 2, 3, 3, 1, 3, 3, 4, 3, 2, 1, 3, 1, 1, 2, 1, 2, 1, 1, 3, 1, 3, 3, 2, 2, 1, 2, 3, 1, 2, 5, 3, 4, 2, 3, 1, 4, 1, 1, 2, 1, 3, 2, 1, 1, 2, 5, 0, 2, 2, 2, 1, 2, 3, 1, 2, 1, 1, 1, 3, 1, 2, 2, 3, 5, 1, 1, 0, 1, 0, 1, 2, 0, 1, 2, 4, 1, 3, 5, 5, 0, 0, 0, 1, 1, 1, 3, 1, 1, 0, 1, 4, 1, 1, 1, 1, 2, 3, 3, 2, 1, 3, 1, 1, 2, 1, 2, 1, 0, 2, 3, 0, 1, 3, 3, 1, 2, 2, 6, 0, 4, 2, 1, 3, 1, 2, 3, 1, 2, 2, 3, 1, 2, 2, 1, 0, 0, 4, 2, 2, 2, 0, 3, 1, 0, 2, 5, 2, 5, 4, 2, 0, 2, 3, 1, 3, 2, 4, 5, 1, 3, 1, 2, 8, 0, 3, 1, 3, 3, 6, 1, 2, 4, 2, 7, 6]
Total Time: 17.10s
