=== GENETIC ALGORITHM RESULTS ===
Run Index: 9
Timestamp: 2025-12-17 11:53:56
Representation: binary
Function: f16_2014
Population Size: 100
Generations: 200
Selection: tournament
Crossover: single_point
Mutation: random
Execution Time: 25.33s
========================================

=== FINAL RESULTS ===
Best Fitness: 1613.865311
Best Solution (decoded): [22.3931623931624, 42.17338217338218, 18.437118437118443, 26.544566544566536, 48.32722832722834, -31.916971916971917, -84.17582417582418, -70.69597069597069, 41.636141636141645, -21.367521367521363, 24.737484737484735, 34.55433455433456, -16.043956043956044, 98.68131868131869, 136.87423687423689, 126.95970695970695, 231.81929181929183, 205.88522588522585, 386.00732600732596, 22.442002442002448, 50.28083028083029, 33.626373626373606, 165.68986568986566, 19.21855921855922, 188.79120879120876, 148.84004884004884, 111.86813186813188, 184.44444444444446, 124.12698412698413, 3.003663003662993]
Best Solution (binary): [0, 1, 1, 3, 1, 1, 0, 0, 1, 0, 1, 0, 1, 0, 0, 3, 0, 1, 0, 1, 1, 1, 1, 1, 1, 0, 0, 1, 0, 1, 1, 1, 1, 0, 0, 1, 0, 2, 1, 0, 0, 0, 0, 1, 1, 1, 1, 1, 0, 1, 3, 1, 1, 1, 0, 1, 1, 0, 2, 1, 0, 1, 0, 0, 2, 1, 0, 2, 2, 0, 1, 0, 0, 0, 0, 0, 1, 2, 1, 2, 0, 0, 1, 2, 0, 0, 1, 0, 0, 0, 2, 0, 2, 1, 1, 2, 1, 0, 1, 1, 0, 1, 0, 1, 0, 1, 0, 0, 0, 1, 1, 0, 0, 1, 0, 0, 1, 0, 1, 0, 0, 2, 0, 1, 1, 1, 1, 1, 1, 0, 1, 0, 1, 0, 1, 0, 1, 0, 2, 0, 0, 0, 1, 1, 0, 1, 1, 0, 0, 2, 1, 1, 0, 1, 1, 1, 1, 1, 1, 1, 0, 2, 2, 1, 2, 0, 1, 2, 1, 1, 2, 2, 1, 1, 0, 1, 2, 2, 3, 4, 1, 1, 2, 1, 0, 3, 2, 1, 2, 0, 2, 3, 2, 2, 1, 0, 1, 0, 0, 0, 0, 1, 2, 2, 2, 1, 1, 1, 2, 1, 1, 1, 0, 1, 1, 1, 3, 2, 3, 0, 1, 0, 2, 1, 1, 1, 1, 1, 0, 2, 0, 1, 1, 1, 0, 0, 1, 0, 1, 1, 1, 0, 0, 3, 1, 1, 1, 1, 2, 1, 0, 1, 1, 0, 0, 1, 2, 2, 1, 0, 1, 1, 1, 2, 2, 0, 1, 2, 2, 0, 1, 1, 1, 1, 2, 0, 0, 1, 2, 0, 2, 1, 1, 2, 1, 0, 0, 1, 2, 1, 1, 1, 0, 0, 0, 1, 0, 1, 2, 1, 2, 0, 1, 1, 1, 1, 0, 1, 2, 1, 1, 1, 1, 1, 1, 2, 1, 1, 1, 0, 1, 1, 2, 2, 2, 1, 1, 0, 1, 0, 1, 1, 1, 2, 0, 0, 1, 1, 2, 1, 1, 1, 1, 0, 1, 1, 0, 1, 0, 1, 1, 1, 1, 1, 2, 3, 0, 2, 2, 1]
Total Time: 25.33s
