=== GENETIC ALGORITHM RESULTS ===
Run Index: 2
Timestamp: 2025-12-17 11:58:39
Representation: binary
Function: f16_2014
Population Size: 100
Generations: 200
Selection: tournament
Crossover: single_point
Mutation: random
Execution Time: 9.21s
========================================

=== FINAL RESULTS ===
Best Fitness: 1603.728590
Best Solution (decoded): [12.429792429792428, 114.993894993895, -79.2918192918193, 33.57753357753356, 66.05616605616606, -29.816849816849825, 121.2942612942613, -32.21001221001221, 74.60317460317461, 121.53846153846155]
Best Solution (binary): [1, 0, 0, 0, 1, 1, 1, 1, 1, 1, 1, 0, 1, 2, 0, 0, 2, 0, 1, 0, 2, 0, 1, 0, 0, 0, 0, 1, 1, 0, 1, 0, 1, 0, 0, 0, 1, 0, 0, 2, 0, 2, 0, 2, 1, 1, 1, 1, 0, 2, 1, 2, 1, 1, 3, 1, 1, 3, 1, 2, 0, 1, 0, 1, 0, 1, 2, 1, 1, 1, 0, 1, 2, 0, 0, 1, 0, 2, 1, 0, 2, 0, 0, 3, 0, 0, 2, 1, 0, 1, 0, 2, 1, 1, 0, 0, 0, 1, 3, 3, 1, 1, 1, 0, 2, 1, 1, 1, 1, 1, 1, 2, 2, 1, 2, 2, 3, 0, 0, 0]
Total Time: 9.21s
