=== GENETIC ALGORITHM RESULTS ===
Run Index: 4
Timestamp: 2025-12-17 11:58:59
Representation: binary
Function: f16_2014
Population Size: 100
Generations: 200
Selection: tournament
Crossover: single_point
Mutation: random
Execution Time: 9.23s
========================================

=== FINAL RESULTS ===
Best Fitness: 1603.709984
Best Solution (decoded): [8.083028083028083, 185.37240537240535, 24.88400488400488, -38.85225885225885, -57.06959706959707, -17.704517704517713, 41.68498168498169, -54.09035409035409, 128.7179487179487, -13.504273504273499]
Best Solution (binary): [1, 0, 0, 0, 1, 0, 1, 0, 0, 0, 2, 1, 2, 1, 1, 0, 1, 0, 2, 1, 0, 0, 1, 1, 1, 0, 0, 1, 1, 1, 1, 1, 1, 1, 0, 1, 0, 1, 0, 0, 1, 1, 1, 0, 0, 0, 1, 2, 0, 0, 1, 1, 0, 1, 1, 0, 1, 1, 0, 3, 0, 1, 1, 0, 0, 2, 0, 1, 0, 1, 0, 1, 1, 0, 1, 1, 0, 1, 0, 1, 0, 1, 0, 1, 0, 0, 1, 1, 0, 1, 2, 1, 0, 4, 5, 2, 1, 1, 2, 2, 0, 0, 1, 2, 1, 0, 1, 1, 0, 1, 1, 0, 1, 1, 1, 0, 1, 0, 1, 1]
Total Time: 9.23s
