=== GENETIC ALGORITHM RESULTS ===
Run Index: 7
Timestamp: 2025-12-17 11:57:14
Representation: binary
Function: f16_2014
Population Size: 100
Generations: 200
Selection: tournament
Crossover: single_point
Mutation: random
Execution Time: 17.21s
========================================

=== FINAL RESULTS ===
Best Fitness: 1608.781823
Best Solution (decoded): [52.38095238095238, 147.9120879120879, 247.98534798534797, 4.615384615384627, 262.53968253968253, -24.639804639804638, 154.79853479853477, 5.201465201465211, 7.203907203907207, 17.997557997558005, -14.529914529914535, 35.62881562881563, -60.879120879120876, 60.48840048840049, 361.8315018315018, 260.6837606837607, -43.15018315018315, 278.55921855921855, 189.27960927960925, 455.067155067155]
Best Solution (binary): [0, 2, 0, 2, 3, 1, 1, 3, 2, 3, 2, 0, 1, 2, 1, 1, 1, 0, 2, 0, 1, 1, 3, 2, 2, 0, 5, 1, 1, 0, 1, 1, 3, 3, 0, 1, 0, 1, 1, 1, 2, 0, 2, 1, 1, 1, 1, 0, 3, 0, 2, 0, 1, 1, 1, 1, 1, 1, 1, 1, 0, 1, 0, 1, 1, 1, 2, 0, 0, 1, 1, 1, 2, 1, 0, 0, 0, 1, 1, 0, 0, 0, 0, 1, 0, 1, 1, 1, 2, 0, 2, 2, 1, 0, 1, 0, 1, 0, 0, 0, 0, 1, 1, 2, 1, 1, 3, 1, 0, 1, 2, 0, 2, 0, 2, 2, 1, 1, 2, 0, 0, 1, 1, 0, 1, 1, 0, 1, 0, 1, 1, 0, 0, 1, 2, 2, 1, 1, 0, 1, 1, 0, 0, 1, 0, 0, 1, 1, 0, 0, 0, 1, 1, 2, 0, 1, 0, 2, 1, 1, 3, 1, 0, 0, 2, 0, 2, 2, 2, 2, 5, 2, 1, 0, 1, 3, 2, 3, 1, 2, 1, 3, 3, 1, 2, 2, 2, 0, 2, 1, 2, 1, 0, 0, 1, 1, 1, 3, 1, 2, 1, 0, 1, 2, 1, 4, 2, 1, 2, 1, 0, 0, 0, 0, 2, 3, 2, 0, 1, 3, 1, 5, 2, 1, 1, 2, 0, 3, 4, 2, 0, 2, 3, 1, 3, 1, 5, 2, 2, 1]
Total Time: 17.21s
