=== GENETIC ALGORITHM RESULTS ===
Run Index: 9
Timestamp: 2025-12-17 11:59:48
Representation: binary
Function: f16_2014
Population Size: 100
Generations: 200
Selection: tournament
Crossover: single_point
Mutation: random
Execution Time: 9.18s
========================================

=== FINAL RESULTS ===
Best Fitness: 1604.056169
Best Solution (decoded): [82.85714285714286, 464.59096459096463, 25.860805860805854, 235.53113553113553, -4.322344322344321, 5.934065934065941, 1.1965811965811923, 168.962148962149, 214.57875457875457, 171.94139194139194]
Best Solution (binary): [1, 1, 0, 0, 3, 2, 4, 1, 1, 1, 1, 2, 4, 2, 1, 2, 1, 1, 2, 1, 2, 1, 1, 2, 1, 0, 0, 1, 0, 2, 3, 1, 2, 3, 1, 3, 2, 1, 1, 2, 4, 2, 1, 2, 1, 2, 2, 2, 0, 1, 0, 1, 4, 1, 1, 2, 3, 3, 1, 1, 0, 1, 1, 1, 1, 3, 0, 2, 1, 3, 1, 3, 0, 1, 0, 2, 3, 1, 1, 1, 3, 2, 2, 4, 1, 0, 3, 3, 4, 5, 8, 3, 1, 2, 1, 1, 2, 1, 2, 0, 1, 1, 1, 3, 2, 1, 2, 1, 2, 1, 0, 1, 0, 1, 2, 3, 1, 1, 1, 2]
Total Time: 9.18s
