=== GENETIC ALGORITHM RESULTS ===
Run Index: 5
Timestamp: 2025-12-17 11:59:09
Representation: binary
Function: f16_2014
Population Size: 100
Generations: 200
Selection: tournament
Crossover: single_point
Mutation: random
Execution Time: 9.26s
========================================

=== FINAL RESULTS ===
Best Fitness: 1603.674657
Best Solution (decoded): [-67.22832722832723, -39.43833943833944, 2.6617826617826523, 75.04273504273505, 236.2148962148962, 72.79609279609281, 172.967032967033, 124.76190476190476, -17.167277167277163, 104.63980463980462]
Best Solution (binary): [0, 0, 1, 0, 1, 0, 0, 1, 1, 1, 1, 1, 0, 1, 0, 0, 0, 2, 2, 1, 0, 1, 2, 0, 0, 1, 1, 1, 1, 2, 1, 0, 2, 1, 1, 0, 1, 0, 1, 2, 2, 3, 1, 0, 2, 2, 2, 4, 2, 1, 2, 2, 1, 1, 0, 1, 2, 1, 0, 0, 1, 1, 0, 1, 1, 0, 2, 1, 0, 0, 1, 0, 2, 0, 2, 0, 3, 1, 0, 1, 0, 0, 2, 1, 1, 1, 2, 1, 1, 0, 3, 1, 1, 0, 1, 0, 0, 1, 0, 1, 2, 1, 2, 0, 3, 2, 0, 0, 1, 1, 0, 3, 1, 1, 3, 2, 2, 3, 1, 0]
Total Time: 9.26s
